B	CD4+ T	CD8+ T1	CD8+ T2	CD8+ T3	DNAJB1+PTGDR+ NK	Endo	Epi	Fibro	KLRC2+PTGDR+ NK	Mast	Myeloid	Oligo	pDC	PTGDR- NK	PTGDR+ NK1	PTGDR+ NK2	PTGDS+PTGDR+ NK
GSM773540	-0.325433042499304	-0.301352906916521	-0.0921776193733234	-0.275431700071931	-0.257692371274643	-0.231056325716821	-0.0118882198532104	-0.247285284888379	-0.152350567083126	-0.234935262069318	-0.184155605739375	-0.166744819656246	-0.447706061461828	-0.357839932600041	0.00185169978533072	-0.268343721573261	-0.100834640961598	-0.240460506105449
GSM773541	-0.286311184139925	-0.249077113839526	0.0120768052894908	-0.214354699061779	-0.391423179935928	-0.201484497982559	0.0451911567679477	-0.266079726879672	0.0104373847639855	-0.292392838360719	-0.0314541914709404	0.135698334918856	-0.420726033322571	-0.310859801160946	0.0542628760164347	-0.174741790296874	-0.0644411436771841	-0.192620019028449
GSM773542	-0.268380454727806	-0.269781662605866	-0.0803707805474597	-0.262325292848129	-0.379926423175922	-0.263514997844921	-0.0427976671461544	-0.312149666326709	0.0218024565437004	-0.310116718199446	-0.0697108980361709	0.0195661921177617	-0.46561229746973	-0.347796721114543	-0.107459683398344	-0.182317780158189	-0.130951660365142	-0.204342946293839
GSM773543	-0.146069605178167	-0.42000231085271	-0.118454275742654	-0.198483961158106	-0.395137942085174	-0.235337771066757	0.160729617344761	-0.179027044641847	-0.0921835977448592	-0.215713762365058	-0.173821204999712	-0.0875037369923347	-0.496136496871772	-0.312210146166408	-0.0109360036217941	-0.237175761374485	-0.0418348214075287	-0.173202359126597
GSM773544	-0.225223010638063	-0.341701556014011	-0.146535630297969	-0.238846083348413	-0.36142252302806	-0.2742898879307	-0.0239395402424833	-0.307948129722413	0.0233337595328618	-0.280553938606049	-0.238722725760482	-0.0650638745894863	-0.434404446395111	-0.395227463302109	-0.124302921641958	-0.188275126837194	-0.155452901678588	-0.264784734562118
GSM773545	-0.158692013078811	-0.267599170408409	0.129573499232714	-0.1098566330393	-0.319246453418301	-0.180744821319549	0.253042235891555	-0.264117841166461	0.0235712577348111	-0.045824837948578	-0.306315150581899	-0.0582354093616149	-0.437556848783369	-0.363679915911032	0.177243304274085	-0.0402550539443869	0.0102933559988464	-0.090266071789785
GSM773546	-0.268260884573527	-0.273642926622123	-0.0803128691596262	-0.243999497911197	-0.395085298023478	-0.303748151705983	-0.0353427247013337	-0.296187798672185	0.0987704624741093	-0.204769517036109	-0.176356141758293	0.00108307609101784	-0.417512876367248	-0.412756320545387	-0.0357783771328049	-0.247379943041315	-0.109947837138795	-0.206713339847744
GSM773547	-0.194512382359781	-0.304134359511827	0.0386064433174918	-0.164885657146692	-0.338604874165078	-0.211401146741706	0.273142497141388	-0.342434763417612	0.0768336069415151	-0.122149031654007	-0.0618675377117965	-0.0583928651753212	-0.432046270831674	-0.38168232179418	0.0494419292287414	-0.0403325919567419	-0.10312831681468	-0.167853880176311
GSM773548	-0.331228399347297	-0.338935909057264	-0.102811546949599	-0.202736399334468	-0.343656922353587	-0.257269235547824	0.133678392534854	-0.378991291799838	-0.00690265132642204	-0.174905660182497	-0.207754765218282	-0.185025449544096	-0.471912955530231	-0.349917856407738	-0.0301558085869836	-0.189427960430086	-0.141278791277972	-0.232088530592105
GSM773549	-0.135065476320198	-0.27507545405564	0.0832369664149497	-0.154529653526305	-0.378108538142684	-0.173841365568699	0.154099354121017	-0.257373197805357	-0.0204853685236927	-0.126594463907239	-0.196544967345477	0.0390477173828352	-0.437722165176197	-0.416195361533364	0.122868320157073	-0.0601363061276586	-0.00581645401740697	-0.121769907028445
GSM773550	-0.245072530999964	-0.349072005732719	-0.108063178478555	-0.162992362958272	-0.339333908916077	-0.199946623090098	-0.0359971285292953	-0.396286322944314	-0.00442465826998276	-0.268245304303053	-0.198688328592178	0.0171759005586125	-0.504267307335515	-0.3505354064174	-0.0796777815135948	-0.21386680417238	-0.186812713887599	-0.166050788899138
GSM773551	-0.161234616612812	-0.169257623584541	0.124475843536474	-0.108234876963498	-0.345424032560302	-0.2263176744537	0.0994774983669975	-0.202382994777428	0.067373688892912	-0.177148002364905	-0.183063659908506	0.0979337312211256	-0.464371002063149	-0.399525416516193	0.139619283367481	-0.0865827726559978	-0.0522134063716397	-0.208525374128718
GSM773552	-0.231665999160658	-0.196689099269477	0.0735149722775217	-0.141430843121136	-0.346439184089763	-0.18764694981222	-0.0301002033324239	-0.337746317491123	-0.00367431267144131	-0.0157068417691902	-0.252649637719226	-0.018102683252734	-0.462001781033442	-0.351083481422341	0.144392710068111	-0.133491099235747	-0.0136417342658742	-0.119624960627588
GSM773553	-0.222610067832892	-0.425128462765019	-0.0468721967878098	-0.122096432588868	-0.29273916437393	-0.295325996174773	0.112070674593188	-0.233705042037575	0.000969108162084045	-0.146873757315535	-0.250019623629688	-0.173427602577538	-0.44626081535229	-0.285260683081703	-0.011500923249661	-0.191635797986991	-0.0687368226532809	-0.214664784069187
GSM773554	-0.287504455375839	-0.364890025796455	-0.112075377649414	-0.158674799418862	-0.29136391101553	-0.293597500164681	0.150691860739923	-0.303539699513703	-0.0931056788948317	-0.216154694883746	-0.296157995477549	-0.193676271224899	-0.466841430298278	-0.237042827520612	-0.0696889616566925	-0.232021302974909	-0.0785397504441473	-0.249753912181048
GSM773555	-0.11899618486338	-0.153574865989105	0.108910008413154	-0.110973691108084	-0.330059965353394	-0.22225396267182	0.00332553989225403	-0.27858586284551	-0.00627739054646295	-0.0712262010613954	-0.232083967986902	-0.0808785655621425	-0.443944249165461	-0.316260327923102	0.206545776730534	-0.0940872772229186	-0.0105398492682156	-0.195681287666204
GSM773556	-0.267572863454625	-0.320037523225543	-0.0922111016161661	-0.200002905893901	-0.317807377629507	-0.252701383599401	-0.0764854790911444	-0.279787726718634	-0.0714105700723383	-0.271124543764234	-0.344192062229157	-0.0275869081638313	-0.428930944108305	-0.326998621723863	0.0422229940290188	-0.172579251073315	-0.0698997706661006	-0.249136754558704
GSM773557	-0.0899336431574513	-0.219557070252729	0.0784649316377894	-0.141034639468103	-0.329262669390374	-0.196812224119639	0.093144753086584	-0.312618131764224	0.0348497529762245	-0.27278702988128	-0.22046544862214	-0.0868874058399476	-0.477675227572043	-0.30528493777484	0.121496024040334	-0.185463648014706	-0.0665419090765722	-0.236670633810524
GSM773558	-0.33566809054507	-0.269413322564116	-0.191998953650178	-0.2405111670106	-0.308852426935001	-0.258539927813751	-0.0376706119098359	-0.289450395099005	0.00275934009511471	-0.235796689781647	-0.356677329340214	-0.0984513196041521	-0.469956647036285	-0.336599764425203	-0.225740070885477	-0.262456403020798	-0.206820457333975	-0.126229099206675
GSM773559	-0.146105739297664	-0.186433779329154	0.148881016353817	-0.153418058859089	-0.31007097342472	-0.143475499820352	-0.0640262003780505	-0.402464504794462	-0.124760334608578	-0.102373444104145	-0.16454651449456	0.265447109739766	-0.420013277072002	-0.300558215466142	0.228592044502515	-0.0777579970879528	0.0226422217507234	-0.261390187647669
GSM773560	0.00849736125616165	-0.126637185969777	-0.000712322154891222	-0.145166908858009	-0.415021586957363	-0.266018881501889	0.147858870123253	-0.27750772473027	0.0455909261388083	-0.189818028899211	-0.224460986670196	0.0486702325102501	-0.430601853902304	-0.226264991718209	0.0621307444996075	-0.247880716152533	0.013682141243366	-0.148784049562221
GSM773561	-0.0545723320990232	-0.271649834847649	0.144445893288662	-0.0904564589609861	-0.319980474119823	-0.154491311753015	0.225588119229	-0.134795668939736	0.159937936085529	-0.0536939048415125	-0.148260205716856	-0.189653580196506	-0.393911940822136	-0.379274645212901	0.14106715833962	0.0241537100702913	-0.0512055140205681	-0.119929990112761
GSM773562	-0.0281202742477253	-0.21140845006741	0.0114221959840156	-0.137844540534264	-0.359814433329885	-0.138984290323521	0.276701813846215	-0.326420200946187	0.0687514697791665	-0.0566831502916672	-0.285692183929101	0.00304436820585286	-0.478978059797707	-0.306097046692431	0.0847040409645478	-0.154096842980747	0.00879534795186496	-0.12231395576264
GSM773563	-0.182125241073855	-0.188094082571542	0.163321226983978	-0.128097656456215	-0.320580603976448	-0.185515405702983	0.031552560644553	-0.248758849470394	0.0332300718974489	-0.140587154791036	-0.202161060702676	-0.0211975501443914	-0.420421618527781	-0.276462231701029	0.221456005957985	-0.0541611910737714	-0.0576957740843598	-0.160924778233442
GSM773564	-0.0896654774374696	-0.266300419360812	0.0351317216090413	-0.147673038525115	-0.369865863411498	-0.238310476455255	0.157699298305297	-0.337679450853183	-0.0173350818089887	-0.213963767146594	-0.279546769011875	-0.0266476306145855	-0.527479972675211	-0.34656211888652	0.0835081621143917	-0.164881805957265	-0.0483975711461994	-0.201643149900105
GSM773565	-0.127750758819799	-0.243001953851117	0.0632459671519505	-0.132482802821969	-0.345490063948394	-0.180262283864142	0.026551119993015	-0.237860412240089	0.0134729907330863	-0.0924163060978057	-0.260330582151494	0.0984472851485013	-0.425733483355697	-0.281878344105871	0.0871031963674139	-0.0966890872460835	0.0308038225258877	-0.0610032667919013
GSM773566	-0.0486939661601882	-0.196986691784103	0.0335385738199604	-0.00962243940857312	-0.351517625051874	-0.143628882318895	0.174697044380387	-0.182646097393008	0.168840691728549	-0.112540713763142	-0.0713544836272327	-0.00679942177769136	-0.492014611354965	-0.310050267258454	0.0722108351360625	-0.0940997070262524	-0.0181851283516267	-0.190986568919138
GSM773567	-0.0873944481299925	-0.216361805492099	0.124509609342992	-0.0759396179444457	-0.3208467341916	-0.235125422351489	0.245722866902268	-0.289793325416689	0.0915876216197067	-0.170421460099875	-0.12692672898497	0.101899893775222	-0.494906179001778	-0.320481559498247	0.129139307750306	-0.103665181394568	-0.0264459256424287	-0.144351476909559
GSM773568	-0.263251438818561	-0.197279500611652	-0.0119736049882411	-0.207877974603347	-0.408400556127443	-0.220403346904665	0.0361673705554004	-0.385407043621477	0.150032435535723	-0.296778836387101	-0.299895534400653	0.117766305916519	-0.425072986154632	-0.371841302115844	-0.0273571456278822	-0.191872037175311	-0.099468360697711	-0.239013318626646
GSM773569	0.0912273828807376	-0.18756779857378	0.0959464404151524	-0.156121453536312	-0.264547111720975	-0.173886673379519	0.0917448957097513	-0.248854801517761	-0.0656704406320876	-0.218750630110756	-0.169685756141381	-0.0492963770354205	-0.4491315451435	-0.325583104665219	0.128902198047795	-0.107732826738044	0.0225393539688213	-0.151906632819336
GSM773570	0.128183689348119	-0.168500849760601	0.142542587146242	-0.0751441718180531	-0.241097548738528	-0.156581757050062	0.229580591206429	-0.302803259388385	0.089290792559071	-0.157648738241923	-0.133110757406185	-0.0295269730953378	-0.45750954859442	-0.283823722176654	0.166377159535287	-0.0578420964444126	-0.00737612304407149	-0.110305636387135
GSM773571	-0.314211807634212	-0.160762038940748	-0.00480303637786786	-0.181386521468244	-0.307649862420053	-0.22569177442514	-0.0171717180180613	-0.272453452133923	0.110552040036658	-0.239732368922864	-0.191375940600903	0.0928563792540581	-0.475400900861722	-0.428873250704578	-0.00381598741497098	-0.217527324288564	-0.0678553447916931	-0.205408466285472
GSM773572	0.082237314862987	-0.120921095354711	0.225345953472869	-0.0833860920128432	-0.33718889645778	-0.0862273012043865	0.152858997334566	-0.351029508783704	0.120425949649933	-0.0198517886235539	-0.167922675144945	0.107394203944206	-0.425184334771383	-0.239373742857101	0.262627835460042	-0.0132643140939876	0.116735254681656	-0.121620930932031
GSM773573	-0.240015869896929	-0.173643816515824	-0.0896288801344072	-0.277118454374522	-0.358458776767615	-0.16764237548332	-0.137881686342401	-0.355791100583089	-5.45847791523632e-05	-0.0210721225551599	-0.27851376862075	0.069174475063627	-0.459010100490864	-0.339001156015231	-0.00892329557088023	-0.250020616482604	-0.0585510132684289	-0.0344070461709988
GSM773574	-0.155767696444591	-0.164363744087349	0.0607697286634397	-0.182320749150884	-0.337796132734938	-0.245496455707306	0.0533264360112748	-0.252667958712233	0.0600185419589213	-0.196562394356001	-0.230044576072416	0.0805084935435839	-0.505991876929144	-0.357966262011274	0.0722088637719483	-0.173987882797872	-0.0626175191783418	-0.207570309272969
GSM773575	-0.0773578870895314	-0.255430181620548	0.162780581877026	-0.115430826860834	-0.352418437041766	-0.171196020053102	0.0356821182160075	-0.17318120327142	0.00121828367654456	-0.104566531567095	-0.288281691755845	0.0361931935059268	-0.431902730363449	-0.263421766209804	0.228728150022776	-0.0658751833317151	0.027154589241735	-0.186800792014753
GSM773576	0.206213638416713	-0.210029062351745	0.166152570982244	-0.126026928749899	-0.288380090594305	-0.130697304810355	0.319557549943019	-0.343211556236693	0.277879023563559	-0.013955415208237	-0.0490452755701324	0.0174102531979874	-0.42037138681871	-0.387215283070129	0.21668702850421	-0.046335048775594	0.079130591261135	-0.0645086228537361
GSM773577	0.132242362572336	-0.164671952541544	0.0980691295024253	-0.123806410894704	-0.341465387818444	-0.194154937695981	0.148921727025372	-0.235067008735049	0.133910201619668	-0.29099131325421	-0.172928312435072	-0.109280119308487	-0.379249027028825	-0.377340628390557	0.108706245603093	-0.109040803024515	-0.0458170957857849	-0.236210947396561
GSM773578	-0.240803275220536	-0.211927598165818	0.0168202034145219	-0.151232708005177	-0.270177804320339	-0.261864333777444	0.117784891321079	-0.225254691704375	-0.033869141184844	-0.21169793760395	-0.303460229737049	-0.0557910032371507	-0.437763595711028	-0.36351542183336	0.0853979606634069	-0.168605912777915	-0.0432776015722728	-0.252526875138477
GSM773579	-0.165863545362089	-0.347673410424802	-0.0359267780664959	-0.200286588669212	-0.352011827977853	-0.25337302968314	0.150754061043975	-0.0843108140550277	0.0903121353104949	-0.219512114603126	-0.0346612532817143	0.0233711724557402	-0.484222342015712	-0.323433703894513	0.0388434481942858	-0.171291519047383	0.00441899874673872	-0.231461724254866
GSM773580	0.0971366623857196	-0.177723183881012	0.141430727556708	-0.111116133825376	-0.299576272661459	-0.153506940478794	0.255199884442144	-0.288294803857236	0.157559647771383	-0.138921883017084	-0.00600960380821291	-0.0303831795795318	-0.445197490587104	-0.31766000112619	0.184752790931222	-0.0981294940436751	-0.00355096142633795	-0.213459691039603
GSM773581	-0.183321053342791	-0.19443853648128	0.076423755510485	-0.202263277983928	-0.358949820583383	-0.187897279948583	-0.116639486400367	-0.237214801119589	-0.0263320345843141	-0.196148856492885	-0.256857368327736	0.0253519371254394	-0.475352733157687	-0.323830316565554	0.138173180877506	-0.212970364831055	-0.0983359503313534	-0.241368238430954
GSM773582	-0.112751907042287	-0.22948004018204	-0.0565302544604066	-0.183067897051258	-0.378894648423503	-0.19770273465331	-0.0865438770029137	-0.321676708466361	0.011683451834264	-0.252269883818324	-0.314958996352843	-0.00513909325141311	-0.461477887726119	-0.347778310629034	0.0338136183842196	-0.211950294114453	-0.0764433155250057	-0.301958909618287
GSM773583	0.0275413487629992	-0.156763421541875	0.20878612383368	-0.0744493650544444	-0.317666335171627	-0.147643879165979	0.184546762835487	-0.223585280728687	0.0674378332794709	-0.0629619553229452	-0.105395482885628	0.18492903627177	-0.425656416947207	-0.272300033400856	0.24082912643689	-0.0356599037903678	-0.00288840234450387	-0.111920903768529
GSM773584	-0.207410304036834	-0.337592430558105	0.00251750590736523	-0.216271999509248	-0.421367185030118	-0.197992779832659	0.050218503137241	-0.34932118372035	0.072896479593721	-0.260813411699493	-0.30609451837103	0.027171970306806	-0.424926020747389	-0.352609884727384	-0.0261422686749232	-0.2503753949276	-0.0938577595534478	-0.215323900973433
GSM773585	-0.26309050320884	-0.262852741195051	-0.0600419764460014	-0.201627290251925	-0.405624406627496	-0.223698977811231	0.117707571743897	-0.176125542567963	0.0902616381411385	-0.157775495035182	-0.136546574921029	0.0991070816876982	-0.426371970718528	-0.312874092102478	0.0290660806714301	-0.150090109237932	-0.0692227460525419	-0.132010745335992
GSM773586	-0.142461474636568	-0.249286386276937	0.00135179982209884	-0.18934661995011	-0.324336289617663	-0.217940033735883	-0.095483181885901	-0.133800577107606	0.070370362280435	-0.185449187835658	-0.293385138303629	0.0259595569144071	-0.380414771228083	-0.363803115188999	0.0778280032325334	-0.223731029339865	-0.110103679130049	-0.280093252155579
GSM773587	-0.0990623580212662	-0.306432344830812	-0.0072726223362089	-0.207207096188761	-0.325006676891572	-0.220611031659889	0.111328589815858	-0.200526460050965	0.0921037497726735	-0.187997597558608	-0.150144998258629	-0.048385834710759	-0.482132560302767	-0.331587979070272	0.0163727232267682	-0.240428092991339	-0.0583438583394182	-0.181878785538749
GSM773588	0.0163155145303057	-0.217894569366691	0.124427041725754	-0.0965039528156697	-0.294853390056356	-0.131157927734815	0.281973136156209	-0.332136649789598	0.274960798640454	-0.184500521428886	0.0303940404748535	0.000405027859670188	-0.4070776010751	-0.368897056130013	0.163399998830862	-0.0652930528506652	0.000408084327015961	-0.159854919607209
GSM773589	-0.0641960847321141	-0.261672726803602	0.162813814160344	-0.128911675472456	-0.316452388680975	-0.205026896674398	0.109695276190908	-0.158274816890514	0.0700180774168646	-0.011002274688949	-0.271999706278373	0.161675581519545	-0.451240018110842	-0.280255923369899	0.226255137492397	-0.0444426540595819	-0.0140268423639612	-0.134779879104758
GSM773590	0.0509234350051254	-0.119734562790323	0.189420359711343	-0.0650449790255116	-0.306585248409035	-0.142335315469133	0.0688905762910179	-0.349073409654375	0.0703725713946535	-0.0532972290208974	-0.320629962781809	0.0253342803980464	-0.423706813944074	-0.375546890927048	0.241760880272292	-0.0519019041028247	0.0488132077689012	-0.177726897388589
GSM773591	-0.35549367245865	-0.230653858212692	0.0264135263969371	-0.1981935424178	-0.297959429207408	-0.21828269283709	0.135341946686544	-0.0994046710551725	0.0675434092594542	-0.0895676428561098	-0.175173454364019	0.176516469208498	-0.457144519502165	-0.354090572390381	0.0852932628433591	-0.16908847717314	-0.0287415949512769	-0.158094992604102
GSM773592	-0.256618759996406	-0.161009370482459	-0.156924008324021	-0.291349035289604	-0.360411895869129	-0.317115045799889	-0.0597521509565624	-0.263269391459999	0.0956677292728506	-0.357969298106212	-0.238422658656799	-0.0357811628915261	-0.441417154193081	-0.407115039154747	-0.0768310853052742	-0.284786802997341	-0.154726508115061	-0.187904842113083
GSM773593	-0.273044823054406	-0.191047054895468	0.0405018520431487	-0.163191794009854	-0.351619221953775	-0.229684241039098	0.0901163748899994	-0.243380653207743	0.0224438211471648	-0.169116531036318	-0.329925346065212	0.0546000021765233	-0.466817298751723	-0.396369737382273	0.0770204147548156	-0.173868514309463	-0.0533193155281926	-0.163794297657821
GSM773594	0.0294362270702265	-0.231157111287443	0.0891719993986378	-0.134215439530169	-0.37489984894795	-0.243749531915137	0.292071286306322	-0.129515450738639	0.252403875779319	-0.0386982695318015	-0.113038138712737	-0.174487581146596	-0.331558660736388	-0.327097778221396	0.103124324334398	0.00627112789297092	-0.03770619557827	-0.164487313564064
GSM773595	-0.128896982525832	-0.212870654256789	0.0214537101524034	-0.16456288849611	-0.350532696224622	-0.26039500901437	0.0796756313224095	-0.273175940791429	0.074791497502453	-0.239637449820635	-0.0665522963531727	-0.0242268779872786	-0.539412237154889	-0.359758399603081	0.0602319312795988	-0.167388624222673	-0.0438705933833039	-0.217175008278833
GSM773596	-0.235862276869847	-0.141636621033157	0.116235341776974	-0.107291238842093	-0.38644182214209	-0.194907313811107	0.266249725806215	-0.193874895086861	0.187896113376063	-0.164103519342028	-0.10638657943296	-0.0154275345314885	-0.483844560427816	-0.345522236856123	0.103845913615113	-0.108141073392539	-0.0551570760365855	-0.167825172142047
GSM773597	-0.241292221977439	-0.245746439881985	0.0685997842357012	-0.145474457288781	-0.412081768007289	-0.201877231694493	0.122798319332915	-0.312021132801745	-0.0631515357237697	-0.250890251975227	-0.188738509449636	0.0143646753844811	-0.505638294112083	-0.290628234385879	0.0780193625004479	-0.0983395448044456	-0.0666275626355202	-0.200948604649348
GSM773598	-0.220924564313563	-0.278988369782232	-0.0606493670331026	-0.119752308371711	-0.302793294565688	-0.259272161878359	-0.0435642392680466	-0.428599046316292	-0.0263925753345818	-0.0729115253600262	-0.0746268682768835	-0.198330354113066	-0.467965621510526	-0.342105992251684	0.0274759638131409	-0.172700843546706	-0.108220596750376	-0.0732044481357934
GSM773599	0.00735629728407157	-0.181331585608792	0.0760133111122871	-0.145613212360617	-0.330781708336577	-0.17065859631483	0.101475848447453	-0.300326420647439	0.0271012671915648	-0.122260353876602	-0.276797504482696	0.0432889979337722	-0.433505624448671	-0.273217187060245	0.142989638512274	-0.0836105739795343	0.00331764647309237	-0.103778390060917
GSM773600	-0.0825522454589022	-0.192829343288247	0.0876553382722988	-0.115054983815924	-0.246691194503805	-0.140133033707803	-0.0660063583997484	-0.317623231347404	0.0646010434968036	-0.151884202541846	-0.259206906096177	0.100940569074599	-0.450070595797348	-0.329696339633615	0.228564242299995	-0.142957352314326	0.0195548255564966	-0.278665082162425
GSM773601	-0.278401288864707	-0.28463052689718	-0.00689798928340102	-0.176917157341189	-0.371873602532952	-0.132125775197758	0.0125612029611199	-0.359848009917055	-0.116750437039173	-0.03041331471112	-0.407640159162236	0.133375421083211	-0.449406789088341	-0.339599833185883	0.135794799705902	-0.084767911917531	-0.0412164458583624	-0.151425674232246
GSM773602	-0.148792166092831	-0.272871962513704	0.0767004668532759	-0.138705359795056	-0.315355145337284	-0.171903331271856	0.340753119464544	-0.239042326019553	0.254146609750693	-0.18205544501123	-0.0193177241200946	-0.0646470488614595	-0.448522980571117	-0.423657146722826	0.039476798952235	-0.0536342308827813	-0.0563108528478231	-0.131001386855554
GSM773603	-0.260670889505543	-0.236129712607801	-0.00881562890701528	-0.158555144194422	-0.354406923859254	-0.123620727151556	-0.016322366929959	-0.461865553166189	0.0552048873548519	-0.119382420425557	-0.269102865245409	0.0682351513117407	-0.361231630556792	-0.347952153007862	0.107485335128262	-0.15897414481737	-0.0823775464615406	-0.165438640679392
GSM773604	-0.022524654590661	-0.137079260727316	0.226848530131445	-0.0285701779145867	-0.268304901481647	-0.0454316014424973	-0.0255765063281414	-0.390506005857377	-0.022282551777841	0.10369456889554	-0.290172556812725	0.19604873427093	-0.463492848673753	-0.254180091215299	0.364165195810901	0.0547954006068703	0.0799230497509114	0.011722414256299
GSM773605	0.191015306177947	-0.181729826755547	0.125635412708018	-0.142044671169313	-0.262741031027345	-0.150864922893809	0.33229439954442	-0.317498438286269	0.168424878524721	-0.192635856125789	-0.257654882453273	-0.0215785410094409	-0.429814340010621	-0.278080289644518	0.175309326060862	-0.125186309472446	-0.0859264994417815	-0.157045593078333
GSM773606	-0.321403997772453	-0.270535645681064	0.00773671423900595	-0.16791777309286	-0.363315673938254	-0.214417335246563	0.460587762845111	-0.188485449698144	0.226443917425685	0.0716632077808869	-0.112998313422709	-0.00320878863544151	-0.39761860760859	-0.507985729090804	-0.000327079866701635	0.0416787576703716	-0.0272662459207486	0.0521266448704454
GSM773607	-0.206452946355053	-0.333189730373274	0.039205082382484	-0.139498078425843	-0.331699526341016	-0.197438627343937	0.355487942864458	-0.286183431131249	0.107275735089191	-0.0992655996397532	-0.21578230196102	0.0357029484643393	-0.423983543893989	-0.387843724685685	0.0220994862959525	-0.0943784589991175	-0.0527416201785137	-0.0912417313238929
GSM773608	-0.113756801581266	-0.260077298397097	0.0208502484689264	-0.107507299814124	-0.303103252127874	-0.239727315397559	0.283438199222216	-0.338808873076457	0.250456233937919	-0.214623320402726	0.00495551959089038	-0.0895206875904397	-0.383399525297575	-0.460626804459165	0.0558975367330264	-0.158402988468966	-0.106800113606852	-0.173908169588931
GSM773609	-0.284215366809823	-0.256399021208101	0.0500969190657012	-0.136684128059356	-0.328476166858654	-0.217700130064012	0.270736159553032	-0.241594576630783	0.211924943524753	-0.189135132958105	-0.120757284674661	-0.0107069530174581	-0.470971733652171	-0.469860536274932	0.0296738927351673	-0.110153983564573	-0.0683415508498503	-0.184527555712206
GSM773610	-0.184951510313897	-0.244422747261709	0.12949488787757	-0.0947269920407138	-0.31856704459463	-0.201988165044217	0.230929300358958	-0.141932231654297	0.140499623233525	-0.168632532101652	-0.194640533309709	-0.0490416380716487	-0.443824863202974	-0.399472715041071	0.188276174506852	-0.0892958047023623	-0.0291366879870608	-0.181530077521962
GSM773611	0.0329737354541925	-0.109199949226525	0.123144695335804	-0.0949128500078201	-0.300681876275564	-0.244874763970237	0.183109099633497	-0.232208138469301	0.072102402400028	-0.174655970900271	-0.229875407031464	-0.152273059409076	-0.424127303360145	-0.378393639367826	0.108707294154874	-0.188115795072003	-0.0564207623593352	-0.225610738057924
GSM773612	0.220040139525482	-0.0821891325072228	0.230951129182733	-0.0625263761559106	-0.287082310885534	-0.132843371213319	0.186331746020833	-0.321115568095847	0.216086492128173	-0.119844597996358	-0.21172991046052	-0.0198458972272159	-0.45181470273033	-0.317317156587374	0.235732898465045	-0.0528314708399759	0.0273149258613283	-0.153916417420678
GSM773613	-0.00629241675370002	-0.226252148121824	0.209124689152116	-0.0977234355950391	-0.403013754533388	-0.126329844873816	0.135180651701518	-0.310008372450992	0.041789404051053	0.119327761694276	-0.179786947148346	0.0891867951534516	-0.444315485709102	-0.238062700310791	0.274229289399607	-0.00106345253881424	0.0126900257586835	-0.116744748827861
GSM773614	-0.196051881206086	-0.235369550173227	0.0206308589909275	-0.147890008908277	-0.293795108031924	-0.217310731005487	0.0930354042850983	-0.242738783946967	0.107394250066727	-0.306464536029224	-0.202515827186288	-0.00131789428280466	-0.485494830566868	-0.378442309788018	0.0336117907576797	-0.234189265023661	-0.0385632879200436	-0.18278625285162
GSM773615	-0.27864757997536	-0.364221216700675	-0.0994941694945561	-0.150375911706569	-0.256427977482314	-0.293551626392305	0.0721162891270429	-0.179632844592088	-0.115860576848927	-0.132532690465106	-0.255291219822083	-0.161221079769481	-0.448490530116796	-0.219082963989949	-0.0469810715504984	-0.163150331874046	-0.0618127776557242	-0.17627913472094
GSM773616	-0.234081229791503	-0.233464421639598	0.164600129748943	-0.0962740816090474	-0.385583195962097	-0.111201984686183	-0.0534064011821859	-0.445343363298186	-0.097040162499951	-0.0233737418866884	-0.329239086272578	0.0416899067306058	-0.396855401340549	-0.285254997695731	0.266088546576646	-0.0666158265222632	0.0175007133322677	-0.095539342045856
GSM773617	-0.0613927304670436	-0.313906135094859	0.0734528563970399	-0.162149818767102	-0.413114156431395	-0.185523008857992	0.137339827517992	-0.237286456352355	0.0108979239375377	-0.236038194137421	-0.067231586583933	0.0199590783297027	-0.453059413758153	-0.357020046300371	0.10833639907891	-0.099913101972329	-0.10913333699821	-0.173097903845557
GSM773618	-0.254452918074827	-0.311033776336027	-0.104961780180912	-0.202933163932202	-0.348416731621398	-0.266656213219367	0.224741676007948	-0.255068247832455	0.141285079798704	-0.158520545517441	-0.0675755700281772	-0.00641300589367597	-0.479682837087698	-0.355392291595559	-0.034680629887997	-0.190364397097537	-0.127520849936582	-0.177487041171958
GSM773619	-0.323314397251162	-0.264617084760241	0.0304006432334977	-0.141535468478632	-0.339673758141457	-0.200124179616448	0.121753405216073	-0.360311021574128	0.129803155668061	-0.186149895383663	-0.116284184299664	0.0891396558153508	-0.436291134794221	-0.390773769457853	-0.00744838679776477	-0.162710906165237	-0.117234685658434	-0.164328405733109
GSM773620	-0.372666734987979	-0.296708073477596	0.0598164901279703	-0.158917946540359	-0.382367004855581	-0.268275926638261	0.367757751076764	-0.0908800929099033	0.227716267810004	-0.122404139066334	-0.13426055499157	-0.069524849975702	-0.417708833339682	-0.445261658721663	-0.00159740106981986	-0.0507133387694891	-0.0771286593101421	-0.128395096373898
GSM773621	-0.131615508306034	-0.172704354249247	0.0945269728029272	-0.09939116663727	-0.354599810076927	-0.0901644728521092	-0.00481517466777048	-0.327498152158788	0.0192635808295167	-0.0666851345778135	-0.189108330794264	0.124983373216304	-0.4086418606561	-0.285241275751483	0.248184721525945	-0.0605130454177695	-0.0151146556553227	-0.162800937815706
GSM773622	-0.372665025926628	-0.28454824661262	0.0128927640401845	-0.160834398855399	-0.338557912273477	-0.220925130871415	0.427283540438746	-0.327498293244497	0.244184808134741	-0.0187365492880609	-0.00419299946221133	-0.00252570337862561	-0.429243055075825	-0.403553598271498	0.0157544273497456	-0.0530103463256975	-0.0724164169879146	-0.056681462569378
GSM773623	-0.175287287650743	-0.245016471886174	0.00653604829385076	-0.158975273357407	-0.347372303717547	-0.194089006493428	0.165469201245757	-0.211570839829168	0.113893679989041	-0.317474281690415	-0.0370482394444672	-0.0600692519283939	-0.474676818616947	-0.39334436265625	0.0542422989469622	-0.238796706491429	-0.0841797206853879	-0.152951084524941
GSM773624	-0.146740543273856	-0.258516950234866	-0.0112087075078363	-0.141870987036413	-0.328049959582811	-0.264514121986432	0.232848700543882	-0.257874187317634	0.0862147573188177	-0.183777308919014	-0.193044779964087	-0.191538707608712	-0.449000887296211	-0.440058040945133	0.00773512242719281	-0.174393708490581	-0.155866981103905	-0.184817222008821
GSM773625	-0.124523308095329	-0.228276583666566	0.195222149549055	-0.109489465163839	-0.39383749615717	-0.130365814304112	0.369539540690083	-0.294251925216847	0.254160963406288	-0.0699925003725893	-0.0606632992740399	0.0790819670002696	-0.457022861982626	-0.391820564561563	0.206472430955088	0.00280701591698719	-0.0356960080447701	-0.100436907533541
GSM773626	-0.172021445740883	-0.243973671830247	0.0703914499402125	-0.137778266579045	-0.274393121336024	-0.21296271211855	0.261701136522199	-0.265938404847062	0.100992364345244	-0.0489696577872527	-0.190335483863418	-0.000439744706370989	-0.443027154115607	-0.370325475295721	0.138884633949052	-0.109193987388918	-0.025359927859914	-0.149736877251568
GSM773627	-0.229748336147716	-0.219439570713358	-0.0232337511501056	-0.144924494422039	-0.366516078461584	-0.293297691291335	0.0280420734781952	-0.207923551854332	0.0738806981982982	-0.270929878989652	-0.123783426019492	0.0347381202976822	-0.425146079051351	-0.336252934952855	0.0308353430428898	-0.206424612727405	-0.085749234167943	-0.214336844538713
GSM773628	-0.354915957270179	-0.24486321653102	-0.0577120125727988	-0.200624530062394	-0.331324149386428	-0.236139741927736	-0.0495782163350614	-0.318113021128946	0.0814346803567821	-0.208430444938448	-0.263018748165281	-0.0434534182684242	-0.454975341963325	-0.36537512384087	-0.0537098446632313	-0.258254909794567	-0.0876446526025769	-0.129066983306153
GSM773629	0.100840661548335	-0.0897097367501797	0.208936006895959	-0.0419979153125382	-0.321676217153901	-0.155601976581645	0.277199321538015	-0.415742448602827	0.271689748946895	-0.104425259252155	-0.0183515266770581	0.0371659365596523	-0.475133154149118	-0.367681057478098	0.180880420218782	-0.0544855525756168	-0.0099326745421919	-0.127988382795115
GSM773630	-0.159635707218022	-0.15795583578138	0.156471001168778	-0.0937935553602123	-0.299157538316941	-0.137210800712269	-0.0909450332403531	-0.461300924388918	-0.214040795616761	-0.077152802786835	-0.323849390683524	0.144485882641963	-0.425124933882086	-0.316574650185402	0.249642032286828	-0.0698609064571369	0.0929372606686488	-0.16585217709742
GSM773631	-0.241878906798758	-0.252812877780195	-0.085234830563837	-0.21147120448277	-0.324032894811094	-0.251148989233323	0.140421413919406	-0.21034158880016	0.027398611777363	-0.387031525308033	-0.257541038680115	-0.0760387098971524	-0.433373254590293	-0.449985791810526	-0.0417136272664384	-0.230141982090786	-0.143048479315214	-0.276054029523113
GSM773632	-0.37896049161383	-0.226961036597286	-0.0112041366277595	-0.2029358843193	-0.362369526396215	-0.268527182421775	0.0387108119455047	-0.306920206773038	0.0990692827836265	-0.352085784555398	-0.149693061771499	-0.112268046741759	-0.430094753468486	-0.45588939856737	-0.0372532380029463	-0.243023230495643	-0.0732460355180555	-0.275339632830578
GSM773633	-0.0455713459886465	-0.166556697163459	0.0762032549011625	-0.135131509008368	-0.329103515609697	-0.180442782632547	0.0187516322420311	-0.354967655486028	0.0513516903601547	-0.0507847682299108	-0.347331226759724	-0.0937550773132874	-0.466276908643839	-0.329545507897068	0.169616311800005	-0.0882697835278216	0.0351279809278169	-0.256004680028439
GSM773634	-0.00392555378090642	-0.15380916377575	0.166083393364259	-0.0357922293947174	-0.312804981436823	-0.231704125035938	0.272145140828259	-0.269291052023971	0.0572353105557386	-0.041973679372367	-0.189737568386676	-0.00514245273348908	-0.449207808313703	-0.432389073270391	0.205415200215986	-0.0121926301422405	-0.034804119550544	-0.117995324038586
GSM773635	0.102295409661412	-0.0639998440599289	0.180273862854001	-0.0786605189537659	-0.332767286590349	-0.166494369873258	0.219263169897477	-0.276418773353504	0.165896428218548	-0.233279510649989	-0.0858005987874119	0.0305287018896237	-0.46981312734413	-0.337697859006806	0.191154590026707	-0.0459380354642657	-0.0073151338761265	-0.20192012521573
GSM773636	-0.0847133937052043	-0.276722203718991	-0.0176034680078644	-0.153070542871368	-0.401489889211135	-0.231123659827551	0.0284601498002646	-0.302153870817569	0.0376944126717448	-0.186887368990081	-0.296995872828679	-0.129650347030613	-0.49901421278536	-0.34925481920017	0.0773566338479909	-0.154447677526467	-0.0260777940644212	-0.213532104406565
GSM773637	-0.218247562832149	-0.210483688740295	0.030211920378805	-0.20166119293948	-0.345472131030126	-0.27211592738844	0.152892150846925	-0.214955331310445	0.054201645241709	-0.212095460044613	-0.00111787562382525	0.0672431883333934	-0.447344873511741	-0.427710144871284	0.0383673242115763	-0.14736909771537	-0.136626025030429	-0.144417623757263
GSM773638	-0.0290492587522865	-0.268881656515282	0.0886375533434176	-0.114560943710519	-0.339142444462376	-0.20199088489823	0.284863616079117	-0.0873483136669584	0.254348547185293	-0.27331612342213	-0.0797431069158475	-0.199223786227231	-0.459877165889913	-0.417173592540589	0.0702450730964641	-0.0718718738360453	-0.0638052143057203	-0.241807975908159
GSM773639	-0.179187311549299	-0.239419928951358	-0.0389769470455424	-0.20150633419003	-0.274814841916694	-0.237006244037888	-0.0256594315934687	-0.328709822494404	0.0459634882742171	-0.317241698161213	-0.236494078583645	-0.132020990046055	-0.430898123451707	-0.295080167936148	-0.00979155638736325	-0.288125815687083	-0.107241371435727	-0.323524055429193
GSM773640	-0.335310804503484	-0.188570856431051	-0.11622775375013	-0.27843065474285	-0.340293979915894	-0.278743154675947	-0.0145781965031717	-0.268223108456672	0.0985345359136592	-0.287420400238793	-0.205559155993304	0.0648489810092893	-0.467967614552554	-0.391902593629444	-0.105015630012157	-0.219252925639899	-0.103756143993028	-0.212060822194002
GSM773641	-0.286284546387027	-0.270245546166905	0.01727579887613	-0.217878532661869	-0.334254865718392	-0.228185033402047	-0.0103177950406736	-0.187525598988107	-0.0194160043961134	-0.30947112027015	-0.0766807421501464	-0.108311206102	-0.404755610260645	-0.329179864519655	0.0577216907946843	-0.216793849343598	-0.0985668000169884	-0.252083488538775
GSM773642	-0.313209102656379	-0.179748690040514	-0.0041310423877969	-0.230066848234905	-0.324531152391669	-0.293408809411741	-0.0209968438124104	-0.26048496896073	-0.190847215317279	-0.376306952215933	-0.173176676376961	0.0510628339037729	-0.448888988277032	-0.412151098960887	-0.0564747958132945	-0.177731593482676	-0.166261558714695	-0.222640065826279
GSM773643	-0.0998917460800506	-0.181535956096423	0.1251728830893	-0.0893604833337052	-0.289998934710108	-0.113842427885088	0.152431965587367	-0.337412907648465	0.0869157322395581	-0.0270237364371103	-0.273119247198471	0.0384643323023198	-0.484949465525522	-0.26173671097423	0.254663494262189	-0.0983243888379423	-0.00892688297401143	-0.136142053827621
GSM773644	-0.239748517404173	-0.238435709816049	0.131411071185688	-0.112601472374243	-0.314361969795644	-0.156272399130782	0.0824223620456721	-0.196931306398363	0.0651035124398692	-0.0524800081481442	-0.21429470903737	0.0896983542119279	-0.455544848949243	-0.399991767354166	0.189271423954755	-0.0367324739021073	-0.0303369578110429	-0.18597897501811
GSM773645	-0.229368378999044	-0.350353933811848	-0.170776526290256	-0.248129335992817	-0.267811093256061	-0.308437008449014	-0.155543589379393	-0.334439920947141	-0.0196087269866463	-0.354376087056142	-0.329490812581944	-0.100812511001809	-0.445623814930597	-0.386670093354935	-0.0854772528086582	-0.311982442524463	-0.159085207529325	-0.286627723981934
GSM773646	0.0418771158179211	-0.12397787000678	0.106840420654726	-0.0721702471469216	-0.3028150030241	-0.180628534821358	-0.0228360354137134	-0.359872461941228	0.11527937189871	-0.128673012086403	-0.139501547089723	0.10392774828536	-0.482836881078904	-0.36524707679132	0.194821031973344	-0.148661049499413	-0.0203614570522268	-0.189534421486916
GSM773647	-0.0719710778116598	-0.187521952469467	0.0945699798900418	-0.0893569569104669	-0.293740978322548	-0.195681707443612	0.010719331474302	-0.275688036551078	0.0231714351585668	-0.0628441827063232	-0.27185028345003	0.0127667452036572	-0.423075107317089	-0.346394097343834	0.171972626138339	-0.0813599928660718	-0.0403903595233687	-0.162791614947342
GSM773648	-0.358174803218379	-0.280375701141334	-0.143084286287251	-0.251749884990049	-0.326446984994662	-0.217919452685177	-0.0474011121214982	-0.358560607519481	0.0325627615834453	-0.276749501848227	-0.222957187137224	0.025069360564801	-0.405662419617743	-0.362579512609488	-0.0506742021460644	-0.230153852805179	-0.0284812841323502	-0.273823556364518
GSM773649	-0.094472068099907	-0.0764983456898384	0.130637757682411	-0.149153599651037	-0.301238172636164	-0.196505484290363	-0.0215589667873123	-0.318410174166011	0.0364782719363793	-0.238514133513302	-0.180094394282544	0.22179513587488	-0.497462837747089	-0.303149968137925	0.177263856330087	-0.116167111603615	-0.0312442150418472	-0.201770025485109
GSM773650	-0.208868315781581	-0.307379456758373	-0.0955659478548523	-0.163066629386603	-0.308437680578322	-0.290090115060164	-0.0520815590290754	-0.181650946310497	0.0235734177057556	-0.380728081351773	-0.17076813209798	-0.149667040953207	-0.465741715141753	-0.350139960564608	-0.0293232468431899	-0.19354005950699	-0.0549983088934446	-0.310709156155501
GSM773651	-0.345867515134577	-0.35706283096491	-0.20551624411963	-0.268456248515502	-0.346274755210696	-0.274489880143901	-0.0829781733160772	-0.308560661172136	0.0182262291705099	-0.279271152408383	-0.312334746484877	-0.075029415787768	-0.446242061672352	-0.395293847776457	-0.154526702206612	-0.374525031349511	-0.167625288884427	-0.326067894144334
GSM773652	-0.216374482615984	-0.221221092753207	0.074428907067874	-0.0706245313745433	-0.289812715093723	-0.141637869263607	-0.0457753308791815	-0.191468966974983	0.0275594071479124	-0.192014503461683	-0.112116888860867	-0.0144982204644939	-0.436773273667178	-0.39630942750781	0.139862494900782	-0.0762815762849642	-0.0365911330037446	-0.242562076175409
GSM773653	-0.163426140464923	-0.19889970494041	0.0846325913419015	-0.153219770396283	-0.274601761945787	-0.203873727760945	0.197025698930668	-0.241971970234887	0.101247549265645	-0.24385667977272	-0.116035577713784	0.0521661335802389	-0.45844136591735	-0.400925222657629	0.0650967746200919	-0.194417807614286	-0.0741773455844105	-0.18688730189904
GSM773654	-0.17415958968759	-0.132519299421745	0.206164014422163	-0.0644427032235679	-0.27198281837821	-0.144688184558108	-0.00147977345134109	-0.275076320590546	0.0398160183362235	-0.0826277729155412	-0.195144368253058	0.0639738711476523	-0.447023355103096	-0.303259693854213	0.285366251763781	-0.0458973820441287	0.0518453258874947	-0.231748021550605
GSM773655	0.0472212744643515	-0.316510285544212	-0.112252297828542	-0.185034817613462	-0.347451268406861	-0.235285183002885	-0.0554719094672676	-0.121759123719268	0.0297095226799985	-0.316480069206992	-0.350715411118604	-0.15305103941587	-0.435729965939595	-0.373330646804757	0.0304060017898885	-0.226841786777523	-0.0455402069837859	-0.288744294267497
GSM773656	0.140187723323594	-0.200439400384613	0.100306338339535	-0.139748331122462	-0.335149322044951	-0.195655178175708	0.305886872389314	-0.366334472868734	0.224437188355525	-0.128911315755873	0.0560849538369884	0.00193552815562153	-0.489370955707984	-0.34010238096612	0.159262844842729	-0.0979096094698166	0.0345041335743838	-0.15154025303435
GSM773657	-0.170139148568138	-0.157322033364905	0.141843393273276	-0.0887588506611158	-0.305137408735285	-0.220504944758315	0.265432143085422	-0.286829290692223	0.177032557328438	-0.19570609996904	-0.0270564265212085	0.0151720051856435	-0.455538416501161	-0.406593840824986	0.146315280507191	-0.122441946985291	-0.0342823455448538	-0.237796904012388
GSM773658	-0.30647193717205	-0.269062618052736	-0.0991674055580384	-0.248633437822954	-0.345199239024348	-0.255596930715775	-0.015576493852425	-0.260372954155758	0.0422876393385092	-0.103906924951745	-0.296063821615872	-0.010424979523824	-0.430708700014603	-0.337279296670084	-0.00362935206273165	-0.256419614981946	-0.0347007147895821	-0.192504670309925
GSM773659	-0.27824795064618	-0.14493118334916	0.0117104298800649	-0.14324750052379	-0.315926387314757	-0.236128182319637	0.110897713543927	-0.369594669925428	0.0677762348239899	-0.0904929599197173	-0.232418435675061	0.133535535787146	-0.410267788236924	-0.297337741345158	0.0385510185877249	-0.203203784167638	-0.0733883692630384	-0.120095313683738
GSM773660	-0.284174116838555	-0.240850774412692	-0.088987627859989	-0.19788376332005	-0.370760325396823	-0.276959928212296	-0.112768208206619	-0.107614926228405	0.0583747595750886	-0.402474585481405	-0.131914486603055	0.0207787498025465	-0.48568856895076	-0.332817791955506	-0.009550830514999	-0.258074922330465	-0.013221468144282	-0.270386523576312
GSM773661	-0.0884972696147587	-0.22784941663581	0.0460851024628741	-0.17998538241235	-0.338236530622981	-0.23894160083303	-0.0415027765580448	-0.167804115833293	0.0897489492255428	-0.263911136371299	-0.104177335916901	0.076523378881764	-0.499439605615048	-0.316054106137498	0.115929101281485	-0.184662474526686	-0.0203762139554684	-0.222356385172788
GSM773662	0.0561469571822551	-0.167377494476964	0.190958517034644	-0.0660831183391708	-0.341407553044808	-0.127588564164114	0.30141120869563	-0.198521965748731	0.187878826830492	-0.0435842630716434	0.0348000138406879	0.0412633508807175	-0.456953738163158	-0.432107204424851	0.202178969440911	-0.000735134945890221	-0.0439498414844882	-0.105112682858737
GSM773663	-0.268217779395328	-0.233269996275875	-0.0448612543432809	-0.213153100265532	-0.376542697677968	-0.260294684210633	0.119540282954603	-0.172436852662976	0.126939082509347	-0.264276653154493	-0.072422662372525	-0.0201036702002815	-0.429238403316513	-0.300129649618026	0.0112374136070098	-0.183407925012317	-0.0876422198633416	-0.197443576820119
GSM773664	-0.349968699277048	-0.284884290444445	-0.042710836644021	-0.232714160221269	-0.276937355219684	-0.243263133071911	0.0715019320478144	-0.277567347694842	-0.0636811117908021	-0.307465597245511	-0.184472263449533	-0.0185040057253433	-0.486492139647873	-0.433764321421802	-0.0399040095633739	-0.252227249606448	-0.107513115358407	-0.250102644116924
GSM773665	-0.0444747392244217	-0.146547151907614	0.192465758230923	-0.0788958611847795	-0.286897910467701	-0.134454210263206	-0.0641489270004081	-0.167945973437678	0.0576071020013398	-0.0609611076002639	-0.200484745625457	0.213154826780735	-0.460485034012886	-0.335106643993841	0.312136733633202	-0.00839608972799452	0.063113360720649	-0.121669499674864
GSM773666	-0.225621526883371	-0.247870676029325	0.0823627817231432	-0.135020149007343	-0.302092612584841	-0.209719270054695	0.210723860290615	-0.197261244324605	0.116268027026337	0.00171678718200041	-0.0802826836577793	-0.0519166957231174	-0.434206562567692	-0.344258425940996	0.114397026150833	-0.069174230648793	-0.0772642465352737	-0.114701780604022
GSM773667	-0.104031154175324	-0.0942632468815401	0.113030145910642	-0.103235960100624	-0.240236735753617	-0.146317354893333	0.0272278318013114	-0.164582363384666	-0.0784192643070844	-0.0974799377808088	-0.226441683587153	0.0203542168831146	-0.483167205611282	-0.315130907892186	0.20345188984392	-0.124404993771955	0.066203578182889	-0.151608987987253
GSM773668	-0.297775434661933	-0.329884769988937	-0.144953130877573	-0.240491179274311	-0.321624401063095	-0.251875451968182	0.121213099872584	-0.242060875206475	0.0294711136260344	-0.256561630673492	-0.250658989395967	-0.0915624460162608	-0.387927619889863	-0.517763857417303	-0.068289157146002	-0.238123694047812	-0.103517916501729	-0.263681293977283
GSM773669	0.15159177402992	-0.135330484333373	0.0862569832575506	-0.106050515846346	-0.242842974730496	-0.188587339123023	0.0895548423560546	-0.272031923166484	0.0809057229328385	-0.181884934877716	-0.1421462151463	-0.0321559475779718	-0.413068829686284	-0.354725705767046	0.153701672261837	-0.170418115217433	0.0046623751211472	-0.198336798790577
GSM773670	-0.111176875117379	-0.253953061860421	0.019517178431745	-0.156235538541767	-0.284310162453975	-0.177296552849025	0.0643975540395637	-0.268616716103143	0.162466201393226	-0.294087114142661	-0.069861447245782	-0.0567465357884773	-0.47458591353281	-0.44531302058376	0.0677386767195693	-0.232727719760302	-0.060610904345378	-0.253198201276321
GSM773671	-0.25697716678305	-0.141976356231973	0.0997525877425616	-0.0916751790863421	-0.207819099933298	-0.208494615082825	0.171191845714713	-0.312597076539584	0.129003251695936	-0.243189905065822	-0.0395219974499744	-0.0812604943002115	-0.51419736223584	-0.453479375047733	0.108037958824906	-0.135834272000696	-0.0693244359336324	-0.221337997401342
GSM773672	-0.0631962012489208	-0.193057240217779	0.124869950681233	-0.123368733220749	-0.258692525381361	-0.175503041277803	0.0986784699602045	-0.22010850960339	0.0392483365891304	-0.09938957131182	-0.20159519640591	-0.0265781908732496	-0.452784988204937	-0.332669066915171	0.169616030021888	-0.101250183609499	0.0331681696964629	-0.165293980988381
GSM773673	-0.283983416249654	-0.31998583159953	-0.0809799118903244	-0.197781142468224	-0.298151373600854	-0.276398204928476	0.0513127372847924	-0.132314523651597	-0.0140528758689325	-0.162055838227326	-0.153114657251297	-0.0479561807029306	-0.483260731472847	-0.306394594717716	-0.0496629803000064	-0.245894440659522	-0.107607094176277	-0.202231300853556
GSM773674	-0.00592877358799234	-0.0927327630705696	0.254185810198504	-0.0265750137405899	-0.277056622888272	-0.0884699544990421	0.0531223595535364	-0.372378773753022	0.0207045773493186	0.0222689010270254	-0.253307839247864	0.200864297634839	-0.486831370816052	-0.341547031498297	0.323923981633279	-0.0105435053028722	0.0754897718321636	-0.106272718223823
GSM773675	-0.206160216930836	-0.251917778791104	-0.0626237580242096	-0.23473298559223	-0.328362612277375	-0.235947932854729	-0.0869670431763227	-0.249448261866271	0.0663032976410264	-0.330830343634291	-0.131117000977936	0.0909169145760556	-0.477253002577259	-0.359238490155769	-0.0514839937682959	-0.297865967697242	-0.0712160037875554	-0.263398348863312
GSM773676	-0.172773793899806	-0.202970010734637	0.141036212662385	-0.112895738134964	-0.318942221483516	-0.213931871473971	0.246352830184524	-0.235261267717391	0.0838860125494245	-0.141234225671292	-0.131302003216903	0.146866428615046	-0.471141260454801	-0.342529673111216	0.125093346646845	-0.0453239256045688	-0.023621627400217	-0.151584691496049
GSM773677	-0.00630666379355788	-0.128823913961162	0.210595730297657	-0.0142546503491792	-0.23987439338286	-0.133670573787088	0.0301149159516618	-0.383674687287887	0.0911161030799467	-0.146116852781804	-0.241099444793985	0.142415416678058	-0.45838971126528	-0.314584186622153	0.27382468446532	-0.029064934813573	0.028317811535684	-0.188094871968512
GSM773678	-0.207331765424478	-0.22129412220435	0.00262856913296287	-0.198045109449448	-0.376072016136791	-0.207296993399124	0.210102033348594	-0.16635327134838	0.181447638618035	-0.127160956080042	-0.0993680724713246	-0.0244850720262763	-0.3623924101668	-0.370570628532487	0.0411646048087877	-0.128567859146192	-0.0334641418717663	-0.176518202482627
GSM773679	0.0350523711226313	-0.126915035563834	0.209009489507852	-0.0195996484035996	-0.258456512882043	-0.118977581614724	0.226493467758592	-0.380837189719731	0.167267006177545	-0.0725654544060579	-0.182997619282572	0.0973004858018014	-0.478338408464224	-0.326837315331664	0.274085982459206	-0.0181425676532441	0.0421582275876325	-0.16680486107568
GSM773680	-0.014985767304077	-0.191870031470969	0.0605423056463282	-0.146588142833981	-0.358867679094971	-0.205044877354355	0.117297433556982	-0.253522810015723	0.0535847882201394	-0.220119629460327	-0.14936780629781	-0.0841841936038411	-0.465139920276674	-0.319717198930744	0.099189811626811	-0.209591977679477	0.00777551942221837	-0.246576365409492
GSM773681	-0.0531833144267637	-0.264002340304259	0.0584815171899874	-0.115546156802765	-0.312404974643168	-0.143116604124789	0.254374810920213	-0.28289882405287	0.248815693462589	-0.204230983891951	0.077058687736403	-0.0946454527322568	-0.498708790261436	-0.373103303303277	0.0641154688461811	-0.090786459886831	-0.0284293795399282	-0.239181213024332
GSM773682	-0.269542879051768	-0.302149581688401	0.0124667956797534	-0.0989621253815221	-0.357647787338033	-0.194597410833616	0.176348397654266	-0.198148171577524	0.126424675217315	-0.181934593083751	-0.0899464383930773	-0.0839622678970935	-0.423747584118263	-0.317700423450833	0.065682110146822	-0.127250457992363	-0.0310417595072172	-0.246094540848208
GSM773683	-0.359313557680943	-0.234076218540269	-0.147217842176854	-0.289354449315443	-0.355094733953173	-0.260954891881067	-0.0406271352581737	-0.310507024322319	0.0374324837621986	-0.238185734305309	-0.174465081545914	-0.0475532850179467	-0.44388812724726	-0.389125508971137	-0.110481238165466	-0.334043167430807	-0.126442895440213	-0.279590142480241
GSM773684	-0.141034053857739	-0.23230977555719	0.0180452486690201	-0.141724192253315	-0.33725421151337	-0.248753110764302	0.177544521057743	-0.0991148339249948	0.0248193080901741	-0.178928357273436	-0.117861233412853	-0.130772614322923	-0.445824019206627	-0.369991324956827	0.0714373522523816	-0.13297886900624	-0.055818030147522	-0.245295750440082
GSM773685	-0.375548223902359	-0.254477349702529	0.0210169688527422	-0.159424239837873	-0.387621540858647	-0.207171037057342	0.21899730893944	-0.110273802580727	0.0224932895760083	-0.220903788935502	0.0135894071611625	-0.0255533995942518	-0.429780791662384	-0.412973056864858	0.0687615856712136	-0.193118307452591	-0.0472572214090467	-0.205619188524054
GSM773686	-0.256526457813251	-0.324224680021011	0.0485860603967653	-0.1221803467312	-0.321645425274716	-0.249308909773479	0.217033841791168	-0.244052466125445	0.222640215717761	-0.151258158692072	-0.00606183379704484	-0.0925966602759529	-0.436287313916322	-0.402395352654187	0.00678611533408285	-0.0982516311590712	-0.117987630273535	-0.17773644402123
GSM773687	-0.385838061364964	-0.27192249972876	-0.0259152147891155	-0.195074679158749	-0.334735691497233	-0.234964510078635	0.252065240519865	-0.264868526021147	0.157727931224092	-0.261680691493983	-0.113330396079086	-0.0164172077089788	-0.468420127137044	-0.403021395076965	-0.0259703251765043	-0.21423840485473	-0.0647358242172553	-0.19955018505911
GSM773688	-0.00222470365565215	-0.151696685888913	0.0786858922500961	-0.121586172106444	-0.345627390476014	-0.226044232296998	0.064844193599431	-0.36127451893979	0.0946501682898365	-0.287363338292018	-0.118713055394123	0.0210564846675344	-0.494279585748212	-0.337319384157706	0.116808626014707	-0.180586506960474	-0.10030678357952	-0.223003715303247
GSM773689	-0.136952457451304	-0.226773384901574	0.032342863434687	-0.12485787015305	-0.3386559772049	-0.275924562483879	0.147105148339396	-0.197268998611138	0.165162237366064	-0.264047728091009	-0.0566462858787546	-0.137005230426506	-0.445313319661013	-0.438943912134903	0.0478659573462342	-0.119850532690757	-0.0927011097312198	-0.191935504243841
GSM773690	-0.136027342196312	-0.222405010527793	0.02473665411468	-0.114960872506103	-0.355408260641255	-0.210413949830225	0.139076346761028	-0.175620941656524	0.06582978586591	-0.310464826514459	-0.0972541938033145	0.00385418684695543	-0.436136519460741	-0.342613027209081	0.0552276641825879	-0.185904444280808	-0.109499530677836	-0.217572974129221
GSM773691	-0.247972296927614	-0.218301095376738	-0.00313162026027073	-0.151007878833811	-0.35413740424901	-0.22961326286673	0.0809187152849545	-0.191648542279638	0.0709391791212442	-0.319912638223831	-0.179496965574508	-0.0957959573213593	-0.41966647752656	-0.450673738186058	0.0158709056051732	-0.163120362931128	-0.108910886631194	-0.250516190425802
GSM773692	-0.0848279911378232	-0.225920152933174	0.0214916483685782	-0.172352461870216	-0.374312776670594	-0.218010226128109	0.276758213640164	-0.206604299615592	0.175062805950614	-0.176269118999694	-0.0764025091439358	-0.0205705607862961	-0.427867512561481	-0.427047291933873	0.0469642661877323	-0.119316905424903	-0.0823799677836215	-0.161208542604347
GSM773693	-0.254370543097288	-0.227913509348577	0.0218080402726571	-0.156667196887739	-0.377212182788105	-0.255975883549172	0.216843036441675	-0.327823166292256	0.116568625915232	-0.24762999952541	0.0299807921228009	0.00754817055100924	-0.46042418858828	-0.348069875810485	0.0287518291714778	-0.246567829347625	-0.0920263230777753	-0.203606695566281
GSM773694	0.24436648092735	-0.114217211009132	0.214349368374363	-0.0667170915000437	-0.309447116534656	-0.128149796972085	0.114151962950833	-0.195146383961289	0.0239301013348165	-0.126945282759212	-0.134223323964179	-0.0437469465300489	-0.485135681322541	-0.292700751454705	0.259612010754444	-0.0243968673933092	0.0660894662844969	-0.192669531913789
GSM773695	-0.188901606585757	-0.186912306058634	0.0960935892235359	-0.117624253444012	-0.323801108322347	-0.181297649647207	0.298843400336795	-0.265770305463985	0.265832050033593	-0.150866877364148	0.0138483045503341	-0.017999548340738	-0.438814476844509	-0.399550452586042	0.0775994651003462	-0.112923646202435	-0.0774640100015186	-0.141828858065325
GSM773696	-0.218084099459889	-0.282381919495348	-0.0122618238575354	-0.183590797123362	-0.319495223616401	-0.253300034027767	0.151688143427863	-0.197970986739329	0.0649017952193211	-0.289910331078552	-0.0529498624617983	-0.134718431982956	-0.526209109000438	-0.475772335831404	0.0380342832630319	-0.168403818111553	-0.111354277600149	-0.256833751290707
GSM773697	-0.28126743671797	-0.276532363105654	-0.159546588960241	-0.330010832096191	-0.302522565104775	-0.260722792801444	-0.0453119087336316	-0.224765901986424	-0.00301962789215901	-0.245747918196508	-0.303700806792279	-0.155011186416152	-0.457051651252734	-0.363416782254469	-0.105817774318271	-0.388913118564455	-0.192661768721944	-0.243475884624858
GSM773698	-0.178450163916819	-0.221738160878852	0.0343317186113409	-0.154222202121489	-0.354220088011433	-0.178628511573723	-0.0852306309488455	-0.178375511031618	-0.0121196457547274	-0.257899856351294	-0.191165856925319	-0.117150403687521	-0.44838540053873	-0.35926715936552	0.108136530931919	-0.17531269608532	-0.0164885258235728	-0.241526002045348
GSM773699	-0.3175409144828	-0.30328932590967	0.0129510811291457	-0.126263835192105	-0.399391331996583	-0.25399281499871	0.18724910845815	-0.14671901283438	0.0749289641855696	-0.223682039416057	-0.153178147072623	-0.120970592232325	-0.421389606244901	-0.418613296385095	0.0553034067056476	-0.115274611060852	-0.0494669504772429	-0.256830367084162
GSM773700	0.0350631825314135	-0.115704836713944	0.207728016291091	-0.0199484095680865	-0.263905199591373	-0.133063438296883	0.189114037441048	-0.342924506557536	0.110293947088779	-0.126085003670883	-0.212963302593343	-0.0766453278526721	-0.423446038364976	-0.328415751034091	0.241773876721881	-0.034117972375479	0.042997684424264	-0.206126288000751
GSM773701	-0.260643698458874	-0.274971384808291	0.0714085409940909	-0.123587631213313	-0.370663799294523	-0.199897445395724	0.324340589026189	-0.279364310540466	0.189173232317632	-0.033744978368805	-0.154628927958461	-0.0541525602427901	-0.503656961635517	-0.382980343777207	0.100820317765446	-0.0655451440110744	-0.0556593541705083	-0.130439692397572
GSM773702	-0.325469918725817	-0.234986056841712	-0.0713225924069489	-0.168933567798309	-0.338982061482845	-0.345834114578113	0.135681635668053	-0.240698193178866	-0.0421244219767863	-0.275231524148475	-0.165592993530872	0.0167488645028616	-0.450616184918019	-0.364690115243742	-0.0881813039503277	-0.197925605185641	-0.0497266771076135	-0.22494367795462
GSM773703	-0.215643238686116	-0.2077500031082	0.0604383499328774	-0.160508277801038	-0.33645637954835	-0.214697764026051	0.11466073148315	-0.307467651073867	-0.0980057908695513	-0.0741343587536775	-0.251872045635189	-0.00588592720549888	-0.474383016929152	-0.266885968111774	0.168060760142977	-0.0801582619433558	0.00337931066146804	-0.171331220130024
GSM773704	-0.0536672688730548	-0.183066121941021	0.105587751419696	-0.0494266216112434	-0.217509769151589	-0.157743347018637	0.209785651232743	-0.272810384468127	0.0123900244471624	-0.181107660840974	-0.246666234244046	-0.0357529873192167	-0.443979441858549	-0.404105696449147	0.172991238597213	-0.0950198958911856	-0.0426947713622289	-0.219226734950591
GSM773705	-0.323032221910993	-0.20663384855302	0.0719971082497121	-0.0908417629099284	-0.318416544273307	-0.125117765411645	0.402578754834466	-0.203468503023147	0.159293036348344	-0.170724900063595	-0.110937545338798	0.0274402489814646	-0.454534636653672	-0.378596309850595	0.100012007385361	-0.0709484803182548	-0.0370133404281673	-0.142623378208603
GSM773706	-0.358743291946265	-0.346307562274938	-0.0676171063232463	-0.220144655190859	-0.316043217911303	-0.251068607237088	0.0720224562084616	-0.274793223182411	0.0603895919285801	-0.300101763633261	-0.185495442304445	-0.17205366661255	-0.444660547129855	-0.401293950091999	-0.0358246656392017	-0.207628659271383	-0.134952647265789	-0.297513868566353
GSM773707	-0.331318471321027	-0.266010597932726	0.0289264372936864	-0.192858409115692	-0.352788489623221	-0.25218916826584	0.150163469309933	-0.173746036055429	0.0932213358700165	-0.310577723124628	-0.116929200875757	0.075842617064084	-0.478562222716032	-0.396758051816875	0.0712574498178931	-0.144354933472038	-0.0350427687850538	-0.237552670847646
GSM773708	-0.249072366645642	-0.298595969174748	-0.115742940776256	-0.267845928593747	-0.366050092015803	-0.266903665940681	0.0302403581127431	-0.0831079685073637	-0.0128185484037395	-0.435590649072449	-0.167928815095225	-0.209689445117783	-0.394293756707216	-0.419199663559353	-0.105640983582672	-0.256954731108749	-0.108985012642714	-0.327233934826155
GSM773709	0.0222465306433285	-0.121882907629663	0.192350434872538	-0.0286381702422019	-0.285634217163547	-0.148361300550318	0.284940632911388	-0.269484338067489	0.134768575770952	-0.102267531864295	-0.120892698044283	-0.0871544720772301	-0.481989915629243	-0.362153401648863	0.195823824638895	-0.0369015741956588	-0.0135388096371858	-0.154321041888443
GSM773710	-0.19501006823092	-0.245789313674059	0.0267532504248403	-0.151941649248399	-0.345704945133615	-0.298686186797112	0.109128445414868	-0.128647811040317	0.0559255927953822	-0.261425818028238	-0.151969077586968	-0.0801267804375194	-0.421570576774192	-0.388509737655736	0.0463007336701164	-0.147631320206541	-0.00230679668974196	-0.198280197040195
GSM773711	-0.1266996853251	-0.251958450048951	0.122853425997053	-0.10163509815545	-0.298276484118664	-0.128998354188249	0.209284100694501	-0.205113932538707	0.153001753315869	-0.16946209352468	-0.00799757525209868	-0.0314230922496457	-0.46946563354294	-0.389660583026298	0.138080161066877	-0.0993612689288319	-0.0497937817720892	-0.195480131330748
GSM773712	-0.362722957545754	-0.308076941483224	-0.0679000260478866	-0.17731618647036	-0.319979765396926	-0.198129597775431	0.21573377848532	-0.17675484833076	0.0398529519203928	-0.250312251562256	-0.195599224627303	-0.139376566270684	-0.409362640073217	-0.396969797861951	-0.0554206289375367	-0.202703194240275	-0.0981936528053224	-0.255217867305076
GSM773713	-0.26762645507695	-0.264519206676547	0.0623805882398593	-0.131859021270213	-0.349096496805131	-0.22097027197045	0.116123869098618	-0.25557461090419	0.080572918301786	-0.196533800175464	-0.133072275113335	-0.0414647154646199	-0.506784414699806	-0.326361659413823	0.121376089044502	-0.106227855690517	-0.0645683111354354	-0.254545132038457
GSM773714	-0.29927475085666	-0.289561194281614	-0.0892355500615121	-0.275296607090445	-0.340536027056574	-0.257766832640292	0.0635133492756632	-0.192603881956535	-0.0949220618626593	-0.287922983833675	-0.184484037995334	-0.0155626121133973	-0.388036995175607	-0.433873622338409	-0.054004197355586	-0.260193831607518	-0.100576788038227	-0.205475243570547
GSM773715	-0.304145768502988	-0.320723587042906	-0.0773454418501874	-0.240532360644294	-0.282140319223055	-0.242282426889729	-0.0286993548669675	-0.123183639321495	-0.183441511977642	-0.162292073032499	-0.315153889074474	-0.00175564172080608	-0.405328436559855	-0.312809883647419	0.0251671007485253	-0.155954552067541	-0.0760415180362873	-0.236073235235532
GSM773716	-0.15632216044762	-0.116767819370502	0.0811779750116035	-0.149185713975229	-0.279233415730197	-0.24231610523563	0.0222584529084042	-0.362239062729997	0.0395647649354406	-0.158258867480749	-0.183387259495697	0.0680013580138628	-0.461782214820378	-0.291173399037693	0.120979685672106	-0.157795847930285	0.0371512347000335	-0.221459911817479
GSM773717	0.0152032477628343	-0.161720252524424	0.151684830505754	-0.0752615528902137	-0.274750503576343	-0.176560692415759	-0.0830796593666344	-0.34788561290523	0.0374198248258244	-0.168141091118229	-0.219932759459416	-0.0958196396133395	-0.417263831598333	-0.27456675698515	0.231977620974197	-0.100329098711632	0.0412537598738183	-0.239686223985397
GSM773718	-0.0769842776699806	-0.0881980423334203	0.143626425296304	-0.046157161234103	-0.281823014861451	-0.22359659362532	0.109864383789883	-0.220040689499252	0.0941723958029225	-0.111404879469188	-0.0721892004306658	0.0101664914138952	-0.50579207193189	-0.438914378644772	0.155747710195188	-0.0828896018934549	-0.0767544126631125	-0.233943128156668
GSM773719	-0.144699440191308	-0.274755270452736	0.037606994801512	-0.12185104946881	-0.355226029850546	-0.18256863441307	0.209033045278488	-0.206601040519307	0.209080338910593	-0.193538266553757	-0.0579184113867046	-0.111841886415863	-0.458218343518346	-0.467776488698602	0.0703891531965929	-0.154118206014057	-0.100652279889622	-0.288948472227708
GSM773720	-0.340693167059621	-0.251812139684763	-0.000762604693584854	-0.170726370543042	-0.296900716111413	-0.249245975175151	0.000395470920980255	-0.253252124515989	0.0460599220840535	-0.181724166636284	-0.216518453101419	0.0490744801869789	-0.441716208671967	-0.413331787366023	0.0375613470461839	-0.17839089096097	-0.0937410963518986	-0.217584201584085
GSM773721	-0.326821211828929	-0.259689600078938	0.0851551557780333	-0.134038666879183	-0.365439709084202	-0.207058246427034	0.336931266866852	-0.232511482871859	0.160044595480888	-0.0172832824269816	-0.0480885929293376	0.0118853743052821	-0.44726708004021	-0.469976203955541	0.0548624746440515	-0.0208204735212783	-0.0553919957289913	-0.0366320323663622
GSM773722	-0.275156875601514	-0.260351362486093	-0.0126406005670325	-0.196261062393085	-0.37416408782	-0.293821605265581	0.00973484410411541	-0.179801058815089	0.131243038362478	-0.275456148913619	-0.169845109768408	-0.0268689853473349	-0.448534928957624	-0.39023254471242	-0.0344095301675142	-0.196256591527354	-0.11396801271001	-0.240117650366597
GSM773723	-0.0142385977056082	-0.158350104669716	0.180809713190368	-0.0730678552042228	-0.319177822504089	-0.15569055801284	0.103160464251607	-0.318663549639542	0.197753499328993	-0.145314503718119	-0.24020139684681	0.154034265222709	-0.416021905766595	-0.342087950761877	0.240307428527304	-0.0574954708199978	-0.0109314894971383	-0.21377561006007
GSM773724	-0.0765794318170792	-0.159846041497102	0.132046324096523	-0.0836201274569748	-0.336768274307631	-0.179183043274852	0.118038897987201	-0.260709703034603	0.0943028069249673	-0.139817762648881	-0.187237498933888	0.0253442317081019	-0.490870753258282	-0.373414124216639	0.178119319583859	-0.109771584826415	-0.0194657712471665	-0.25021626595865
GSM773725	-0.149187212107472	-0.144647892014488	0.183084683849845	-0.095333404094737	-0.350071821800991	-0.174875621384704	0.181393026250267	-0.262376333109804	0.0504249183866321	-0.17352465010607	-0.171120277030676	-0.019403957165998	-0.483218834527815	-0.403493216974974	0.210903065918875	-0.0374770439451961	-0.00796984119048504	-0.150466868098635
GSM773726	-0.199714711339793	-0.230732974235422	0.0455620320875965	-0.112292112737108	-0.3038902529596	-0.201226143421997	0.0214194455443113	-0.2550808800914	0.070452090716224	-0.22379993248914	-0.1991259908064	-0.0584336331225542	-0.444131729414302	-0.46489291767744	0.0836449301008299	-0.162801458974656	-0.0711026096216184	-0.268255520067309
GSM773727	-0.198688208538856	-0.269397256706836	0.0071859719523731	-0.170332142602212	-0.350275175388817	-0.275166535410187	0.0399675039632577	-0.239093036903053	0.0229455152986469	-0.320708648022035	-0.169801059706582	0.046245850451276	-0.457884313918172	-0.39728566822605	0.0188386164029545	-0.215464295381774	-0.0360176206806677	-0.246478471605157
GSM773728	-0.242959132182142	-0.187962559144536	0.0333861275586484	-0.127933019306743	-0.319309631811343	-0.196164516352757	0.0568388016774618	-0.14624841940521	0.14103150933309	-0.321556641448507	-0.149363614685857	-0.036487826875041	-0.409310363644842	-0.421085900704892	0.0577336612631092	-0.215820214988383	-0.111351677633714	-0.238904470246527
GSM773729	-0.289278581030343	-0.243382889939516	-0.0553939907140012	-0.16664800160512	-0.319193494404121	-0.238317079025794	0.0833434530443704	-0.0975900326984292	0.064268460271534	-0.265857435305395	-0.0812636663701133	-0.0494376539173605	-0.458330051656884	-0.39465170731501	0.0531529848086601	-0.167211633470513	-0.0241999967431474	-0.215072940485428
GSM773730	-0.185979265459136	-0.250973886212552	0.0100255701097138	-0.193572128172121	-0.403285030391583	-0.203714644921202	0.137519630704163	-0.150002786667498	0.0765868608385947	-0.0197298742548772	-0.195231551335403	-0.0322697790664478	-0.510216584660423	-0.386881987966855	0.0756904797217914	-0.155817098297918	-0.0497544210165119	-0.144207559712312
GSM773731	-0.334407505303044	-0.222456257800523	0.0118557972669749	-0.157537633366237	-0.302040103335982	-0.218383312569059	0.286879889350561	-0.229828334286869	0.0934596654589715	0.0056540066718838	-0.198228943784187	-0.0810699345591947	-0.479413427595485	-0.446048524604411	0.0170965803340323	-0.0190125926482661	-0.0318118309031405	-0.0886371053499808
GSM773732	-0.248448948342082	-0.250019102971219	-0.0395666339304337	-0.163205027555106	-0.340417934323112	-0.207748322243584	0.0895749018906895	-0.184652545158213	-0.00979755380672187	-0.23869479991845	-0.19048236277601	-0.031132667266233	-0.461937951982154	-0.429880949511687	0.00153852756962247	-0.144969389106088	-0.0804655490980518	-0.276901859414051
GSM773733	-0.114739424010353	-0.198074343280879	0.0216400367196254	-0.139536690857861	-0.36028712732945	-0.225573446340123	0.136155558943068	-0.229764905636474	-0.0421358175893605	-0.120330013839195	-0.230005285946138	-0.113527185177321	-0.481266580183654	-0.379478750844316	0.0715466009721538	-0.112703463960551	-0.00642760622451705	-0.166454100029047
GSM773734	-0.164126868863517	-0.217975378352203	0.114086904037189	-0.0883567361285758	-0.291827894403008	-0.166711353278138	0.373732217851743	-0.225218764165354	0.179348778048975	0.13941702911793	-0.122789542200559	-0.09464294582503	-0.463558256378546	-0.40794334006341	0.147317493144813	0.0807435124480028	0.00590332207890303	0.0240189967123832
GSM773735	-0.23233256259941	-0.232791307797106	-0.0680170011008826	-0.232640825844131	-0.308248807653454	-0.23416267082726	0.192113640434462	-0.107516869324289	0.0237033005061506	-0.307157058376121	0.0486057013586103	-0.06267260365517	-0.457027458704078	-0.41190065633393	-0.028721923118893	-0.264337975836327	-0.074619868986624	-0.265129422918755
GSM773736	-0.250914265696398	-0.229855129730668	-0.0332871313842677	-0.168127314193113	-0.318507495030192	-0.242266264802612	0.173140924296931	-0.175418938713035	0.0871043479429359	-0.286102398616693	-0.0222464343528653	0.0556938154929977	-0.37429730476703	-0.389565244699193	0.0180002848814865	-0.199715861361946	-0.111469353430654	-0.221387397602205
GSM773737	0.018978125282368	-0.178570254563847	-0.0278401207922484	-0.151975065586719	-0.280754836722583	-0.237024502992187	0.244261133745963	-0.286311048958319	-0.0447837233346227	-0.127149222164081	-0.257846761837523	-0.105466919948008	-0.452278196758262	-0.404943911542928	0.0761451770823698	-0.167486708809961	-0.0376771583937633	-0.208189162260132
GSM773738	-0.2006140882729	-0.282861781246758	-0.143582381857378	-0.220019243801521	-0.331606673621504	-0.298358253128554	0.0821015387349442	-0.190670244078925	-0.127678745362462	-0.245507272999011	-0.36605283034273	-0.146447816142265	-0.43366499749377	-0.40046219580345	-0.0167225059922455	-0.193815510258883	-0.060371959947547	-0.17849996693238
GSM773739	-0.194691927392814	-0.31018992253549	-0.101754174565958	-0.243664133998234	-0.261925712964737	-0.224043125624895	0.125769117735061	-0.178811694042992	0.110837628828108	-0.292389958119004	-0.0807559133132967	-0.18965199612999	-0.419086780022847	-0.386807622367651	-0.00379052655918996	-0.249329960662803	-0.0628981213571067	-0.209800753785015
GSM773740	-0.124238447554745	-0.21270424910602	0.0251637646094945	-0.139023122495996	-0.314907217682025	-0.250167825581805	-0.0538617550796049	-0.278465264313499	0.0304332013552353	-0.247490714700541	-0.289352918584162	-0.118347730748598	-0.441462693695153	-0.366858683220137	0.090028565715605	-0.201835227251163	-0.054577020426855	-0.276631081269889
GSM773741	-0.246101535803855	-0.257087274263621	0.0122655038800064	-0.136331806593686	-0.353857160908069	-0.271494713251349	-0.0189057028124444	-0.328496097087027	0.0966405359092849	-0.340781690562179	-0.228753431817075	-0.155141591931356	-0.487179002673049	-0.406537228739579	0.0289495082008472	-0.196646155337565	-0.0997414634295604	-0.306167109394535
GSM773742	-0.209582273609569	-0.292071839036901	-0.121359403716967	-0.269814799473978	-0.333223622429477	-0.239332931915364	0.0528867019444988	-0.0712173992534681	-0.0742430984166016	-0.148592517002701	-0.206149755323386	-0.0841382774857442	-0.498249100369597	-0.31755033952774	-0.0670593439029168	-0.230687516604765	-0.100138307862005	-0.231238229244651
GSM773743	-0.24206897566842	-0.262089615776992	0.0177632829752705	-0.183164710311819	-0.327035403684319	-0.22404327643791	0.0868291901988985	-0.127321797046281	0.182371483852784	-0.33098939700733	-0.12302929872421	-0.048645043337297	-0.449380553888872	-0.443506793818376	0.0299920395595949	-0.160042533509683	-0.0756337943703568	-0.230861652841822
GSM773744	-0.151679833277503	-0.314818001767389	-0.00404466553296683	-0.177323473772142	-0.280096104484976	-0.220332785978869	0.0722305672141247	-0.153366661124912	0.0929009723035361	-0.261989658615099	-0.169851644614209	-0.18722234741698	-0.424336523122294	-0.411609772806142	0.0733017400431505	-0.170774637844722	-0.0701427110196409	-0.217137369377411
GSM773745	-0.239109428088087	-0.198082501874647	0.124764019428864	-0.1605759809849	-0.315333244442829	-0.178950647965865	0.0325766920022976	-0.298233970580852	0.1048698843079	-0.303620532906652	-0.21877613312244	-0.0156284968555202	-0.486324997096346	-0.34967533326646	0.141947329042837	-0.128633987265276	-0.047846517730116	-0.241342634820883
GSM773746	-0.067344837209288	-0.230098840587888	0.124206395129034	-0.111041391530241	-0.32044541737631	-0.172528319749215	0.198199325600267	-0.201855760761769	0.00581344687286087	-0.158482924726723	-0.160357848770701	0.0403752496053434	-0.471080780175862	-0.37004118951704	0.170176297645446	-0.119057225514741	-0.0709023425066267	-0.168675440557775
GSM773747	-0.375073133991473	-0.239720008904809	-0.0726683680970275	-0.182066232876945	-0.337099608596487	-0.263827193989394	0.131887241249063	-0.14491241786756	-0.011633565670355	-0.250824986990206	-0.0359994321910909	-0.262541000057972	-0.436567296810382	-0.347268914073062	-0.0250259417771029	-0.325344182577652	-0.0840691037613232	-0.211034069403315
GSM773748	-0.087697057438377	-0.140239244048933	0.0607015727728541	-0.09289073213193	-0.277358474715719	-0.20374855366177	0.0777779312490269	-0.164888294763077	0.0460180554578747	-0.206558817269854	-0.00269008552020312	-0.0393415701515808	-0.430964679477355	-0.44496425109373	0.0666924072020788	-0.198821431060381	-0.0819901342575097	-0.204086681125162
GSM773749	-0.148473867727165	-0.240242521183753	0.0293175616124498	-0.112959375997916	-0.333431633296776	-0.243915629054775	-0.0610778574988877	-0.223871179378332	0.0962361702596462	-0.205257697160742	-0.144826126631217	0.0311823193181951	-0.481260743772509	-0.326690652054443	0.0882946261258669	-0.170649777433721	-0.0716891045750376	-0.254484802321946
GSM773750	-0.248275790929452	-0.23895341405447	0.0775929326354829	-0.133728145316366	-0.342770185311298	-0.233227244855147	0.0869328962352791	-0.138273351406269	0.106287053274801	-0.232620883191458	-0.0596769826511784	0.0164788224519356	-0.444676107796312	-0.416927236441636	0.111834653507606	-0.126129841463416	-0.0110863495989104	-0.242632814927523
GSM773751	-0.210992989018065	-0.184761981447078	0.0304544744807995	-0.179353898554542	-0.292872603990791	-0.163224013137131	0.041742837483981	-0.275064730997123	-0.0545735685705104	-0.216252448228896	-0.0863309167255085	-0.0848791582924925	-0.457497245864503	-0.399117199975967	0.0798868279261772	-0.157493889781078	-0.0810470063180753	-0.162071056124808
GSM773752	-0.329735823249346	-0.335885384263553	-0.0943161992320493	-0.19799421659985	-0.335335471326552	-0.250808760279307	0.0225124777685052	-0.244495529658463	0.0659995770157244	-0.328046167390678	-0.0778080477498276	-0.196679505014686	-0.416708083483605	-0.441391838095104	-0.0356321203570596	-0.208391370898929	-0.0851125121809426	-0.293421940761029
GSM773753	-0.175067710569668	-0.232547885436273	0.0859854275414641	-0.0856207839717883	-0.326664448899377	-0.181806672833381	0.117172120624194	-0.227336420017926	-0.00301152292313724	-0.111689657534907	-0.133451608759721	-0.0547938835275109	-0.52841489233743	-0.33843381092494	0.119939204584562	-0.0693331160320223	-0.0556283271132169	-0.171852989940298
GSM773754	-0.00406571831149122	-0.112281182883393	0.144786671972028	-0.103571873321041	-0.325089711287469	-0.167986526569141	0.171994984443458	-0.317206311874783	0.0402749021343778	-0.17758102825426	-0.250388258297869	-0.0191817703062046	-0.476150694461298	-0.369925009762319	0.175970854691155	-0.124722940498458	-0.0500446393899465	-0.111005580539381
GSM773755	-0.311078428981627	-0.21047089716672	0.0109971444315803	-0.150764051614305	-0.284066602675165	-0.150889822195352	-0.0813483585406627	-0.118496667004555	-0.0018802152970431	-0.274675581488527	-0.21247968967507	-0.104369814111512	-0.439555327016768	-0.394958655873309	0.0691846087807355	-0.180740157457211	-0.0395059431595393	-0.277137850662464
GSM773756	0.204106489990143	-0.0784808706448599	0.224283964229658	-0.0677075451451785	-0.299541173760091	-0.101298091354463	0.110001412585802	-0.26629934778158	0.0837773661568937	-0.25147210581915	-0.237519186581922	-0.000627435581932325	-0.43422920249385	-0.284244806550957	0.222961880060354	-0.151365622102915	0.0485935098856912	-0.219750238668769
GSM773757	-0.248969655873672	-0.306484126024672	-0.0455306255686635	-0.153204636688341	-0.314022612329849	-0.172086320409374	0.0553903109349294	-0.256057793621058	0.0356134581367566	-0.298547353979672	-0.120910077625501	-0.0807213989931385	-0.457735065274429	-0.391701328583215	0.00837852313429311	-0.185311741787501	-0.067310967745065	-0.192541971138426
GSM773758	-0.00368129379649671	-0.248168717435459	0.0937051942480151	-0.0897492858948479	-0.313118908840191	-0.170177318486114	0.111885032917496	-0.295119454254183	0.130001811746534	-0.170963637359431	-0.187968815836441	-0.10849711383486	-0.456919624103239	-0.415835186494898	0.160463893976971	-0.114746930258458	-0.0785552372491173	-0.215748680924356
GSM773759	-0.320151937739565	-0.326444756770383	-0.0897141285719425	-0.215650390002158	-0.296246438713352	-0.258695307327752	-0.0414856117353474	-0.1566190768281	0.035401989137575	-0.350918567993619	-0.0772110809204731	-0.244654902985308	-0.446121629410136	-0.450990614339003	-0.0132633319315498	-0.242090303384591	-0.0327232941894582	-0.290849723977032
GSM773760	-0.188078083021591	-0.226958713680963	0.0327416169487018	-0.113034578029069	-0.320541306617141	-0.211191559227923	0.076255115985747	-0.252055273500426	0.101079930149924	-0.153468700869661	-0.170176561197381	-0.0307060550835112	-0.447003780727818	-0.414883048114537	0.0958668912080716	-0.116723509951217	-0.0518098363365178	-0.161673616839042
GSM773761	-0.0915296410405187	-0.179093731578114	0.0646209459700079	-0.107960062519401	-0.318048443271054	-0.190754425219306	0.245885248042034	-0.246220938509509	0.212136776388664	-0.198853202942863	-0.0108384492585111	-0.0198958347104787	-0.461869377455094	-0.339746364849906	0.098183560676004	-0.144578166878618	-0.0884069303597163	-0.204849036340625
GSM773762	-0.152200498851562	-0.248768875468326	-0.0118126131076015	-0.173864154163557	-0.328525768557813	-0.240137758922534	0.100887144016923	-0.272470559520633	0.065385703427473	-0.284531395910127	-0.202139372628346	-0.227939420350177	-0.48754152977733	-0.38015470875613	0.0389841444672415	-0.18511791248354	-0.0725550884510804	-0.262061514189799
GSM773763	-0.281921504560981	-0.223639546586963	0.0637732436345858	-0.138838668967548	-0.350037942097833	-0.198872091676782	0.351931474036185	-0.269530595983455	0.0961975006409405	-0.0624525247219484	-0.12687108587233	0.00902322995400828	-0.475356557300677	-0.412141951975489	0.0682273591029432	-0.100670641074637	-0.0603900815426364	-0.0764617074910654
GSM773764	0.0361532846981916	-0.186085027336166	0.0974284983620525	-0.0967328026540972	-0.29015967413453	-0.18405538551442	0.0371242089048841	-0.243115487733223	0.0586753903358888	-0.113842932206831	-0.226305357748861	-0.0358287303076319	-0.453569230171776	-0.299514206707596	0.199864504961275	-0.131228431701372	0.0107556003208988	-0.186304566546494
GSM773765	-0.0538184531114718	-0.231637095764125	0.107850846518568	-0.0623732961866873	-0.333294062995462	-0.191096538841534	0.133765912009868	-0.184383236857507	0.173797787500073	-0.30047022471273	-0.123528749680422	-0.0432416228163794	-0.423301617025141	-0.432734474621236	0.171345715877953	-0.105472060890566	-0.0751672633330953	-0.214068907745068
