B	CD4+ T	CD8+ T1	CD8+ T2	CD8+ T3	DNAJB1+PTGDR+ NK	Endo	Epi	Fibro	KLRC2+PTGDR+ NK	Mast	Myeloid	Oligo	pDC	PTGDR- NK	PTGDR+ NK1	PTGDR+ NK2	PTGDS+PTGDR+ NK
GSM1019139	-0.106305981382252	-0.246970954373876	0.0175321588584721	-0.21130666489622	-0.414718944524006	-0.17565450019244	0.110099551403831	-0.380899160028026	0.0935306737178378	-0.249615491261442	0.0604201500573531	-0.00552646296334991	-0.443749996168012	-0.306070295291038	0.100150765321594	-0.2371679476736	-0.181308452122902	-0.308337428962259
GSM1019140	-0.0600178297988667	-0.201469743798177	0.0592606121650685	-0.122959675281416	-0.461414112080134	-0.280604869862867	0.150396707264049	-0.230267546515211	0.0346938436787132	-0.262544412930068	0.0252484788543214	0.0216895502711956	-0.432891882473718	-0.30488100037739	0.220096748097879	-0.127851190824863	-0.0599874510663891	-0.305821811776319
GSM1019143	-0.141354241952774	-0.294590938987094	-0.146671966702718	-0.297213455554963	-0.351757074689426	-0.161070957318259	0.150317403870772	-0.334716862550705	0.123386974324812	-0.276740872004527	-0.094430778416991	-0.18341375823541	-0.39380410084337	-0.31959192192734	0.0385682747830032	-0.241731231845975	-0.104200784826435	-0.329207949226275
GSM1019144	0.0766429317271095	-0.261179131753102	-0.0812414176992531	-0.275922484301042	-0.364799670623511	-0.139743345658441	-0.0014486791123677	-0.392671831963353	0.130049787772791	-0.317971464564584	-0.0966015629786829	-0.169039833563147	-0.376359501548208	-0.237653624230589	0.107898913425416	-0.240402615050426	-0.220794588662623	-0.284771852846414
GSM1019145	-0.124250014837074	-0.253704056469875	-0.0359051377410819	-0.32569476422378	-0.428466187946738	-0.161333126715055	0.177378985525969	-0.239840245314395	0.0693344781089147	-0.210864059889266	-0.0888733053252369	-0.0744513085595567	-0.407402666194373	-0.259473516543083	0.0994499981587244	-0.177392500662472	-0.117131367203666	-0.180658113294989
GSM1019147	-0.199497506009112	-0.266879628210578	0.0881510519605835	-0.180937897791936	-0.474053705998448	-0.211460874912433	-0.0661562342028362	-0.28523572876481	0.154505981680076	-0.259368835439301	-0.101563836067669	0.057979316527432	-0.473822007095957	-0.379345223484871	0.147609745300998	-0.16294393410185	-0.165820710541802	-0.369388675329513
GSM1019149	-0.109940125213795	-0.2317131136961	0.00109920700993024	-0.257346313863295	-0.449024784599538	-0.126227759115564	0.157384542076578	-0.265273446132286	0.132353898475588	-0.258080048171915	0.113608919216935	0.0908487189014893	-0.382515334397698	-0.325256887205627	0.135679035067663	-0.198453831344535	-0.0474972492032213	-0.327369493314769
GSM1019150	0.0417967649625877	-0.18949329054597	0.0433915633803353	-0.227144674320646	-0.412605006929709	-0.194763465844039	0.0770026689029042	-0.392425528492969	0.0300238942649419	-0.137084622413507	-0.00757499255540979	-0.0775369127351024	-0.455130751632459	-0.205395090057581	0.186359284755594	-0.175740373692857	-0.0955435177248943	-0.20421545616788
GSM1019152	-0.156919039191239	-0.234579458188851	0.0501283404120181	-0.27464442789006	-0.459316344145305	-0.0994147042187236	0.0197619381675833	-0.248092637254537	0.0563545432425664	-0.183408673265585	-0.235248544125171	-0.0302120702935218	-0.44441104627491	-0.289006836673538	0.201198743697136	-0.239863790203554	-0.175858825814501	-0.369564250752607
GSM1019153	-0.231081691749061	-0.289565819270901	-0.0493911974267847	-0.352071185347114	-0.336849469352907	-0.187456920566662	0.180350575274162	-0.297749705396568	0.0915015159255075	-0.271648390916825	-0.00116064290206162	0.0059789221075183	-0.389589299511534	-0.289787527566823	-0.0116089495844461	-0.191953797561036	-0.170862993775196	-0.304238785704915
GSM1019154	-0.136801838727953	-0.235437634794174	0.00737233730896806	-0.20989731804823	-0.494453235039049	-0.163366383411272	0.0394086818555836	-0.34605012429021	0.065419607183306	-0.215316954773394	-0.234441296114156	-0.0528125614190725	-0.412396435131494	-0.233929460061844	0.184221414095493	-0.13761997020896	-0.108682154627724	-0.285295366314217
GSM1019158	-0.273100756703253	-0.257171347515105	-0.198258427711848	-0.414611711441127	-0.432941052832786	-0.160405299817656	0.0782608872716796	-0.1597860512436	0.137394957539745	-0.291099114355265	-0.0901276204724308	0.0758069095966057	-0.442537171378131	-0.303582158752604	-0.066108486760594	-0.313957008163611	-0.128381223545072	-0.316101199562642
GSM1019160	-0.0472920403451661	-0.21337194270377	0.00641231380354315	-0.303568308256678	-0.378089120369508	-0.181062942134962	-0.0859217215024005	-0.255583357995157	-0.00634322068118579	-0.240712614652482	-0.116310194784754	-0.128758426597352	-0.418558176819666	-0.192036263229813	0.114787835227191	-0.208863131779424	-0.170342802297932	-0.231798208705883
GSM1019162	-0.190307418417813	-0.233771379666375	0.102311283398775	-0.277507945617673	-0.488097272975762	-0.101593763558311	0.0611468055290027	-0.259129960443805	0.0917096432578913	-0.172532796264472	-0.0236993676560898	0.177592673931438	-0.449594344582676	-0.28972858524194	0.203671301007117	-0.18962099459199	-0.127173844193339	-0.310054534048201
GSM1019163	-0.161642489941315	-0.273308190997771	-0.166652218111296	-0.22276299096088	-0.398915654888836	-0.228871361085155	0.17105594739269	-0.242126677610631	-0.0132193455437102	-0.218066305322258	-0.0875131077393075	-0.115658661042872	-0.439179876619493	-0.171817722679338	-0.0916174675894321	-0.277831814145418	-0.102457624198449	-0.308333738012844
GSM1019164	0.0572738341037075	-0.166948895180347	0.157450148017877	-0.195870991811495	-0.477966198775779	-0.12078899950954	0.243400852851883	-0.331020205274303	0.165332913212119	-0.138709359870054	-0.0065983584650831	0.171482602049335	-0.402880482551473	-0.269632575947385	0.274142672116516	-0.0864154144289942	-0.0858934943753164	-0.183654390085923
GSM1019165	-0.150241609191333	-0.150579003386467	0.263684385502016	-0.0681118181677844	-0.381105817787613	-0.0635438118986997	0.00957666925965607	-0.462454409646946	-0.0388749366903929	-0.0462837942260408	-0.159145719411517	0.259868542751434	-0.294800422926722	-0.317799796304929	0.449006570278406	0.0258194676743542	0.0375376763319323	-0.27051193388115
GSM1019166	-0.339524645772241	-0.284613491058599	-0.186859160057453	-0.410949813780735	-0.411765890706225	-0.192167632247402	0.0758886518024552	-0.158628334291871	-0.0272153214697719	-0.359703469714759	-0.0372295969735438	-0.0727789729931854	-0.437052385262471	-0.382289417624763	-0.0996199272785808	-0.378070774047339	-0.185901706351567	-0.343317108643037
GSM1019169	-0.0297286480590373	-0.166124670646625	-0.0846126463136379	-0.364514086332331	-0.451438876653332	-0.198148468048686	0.131204290929909	-0.434591140416086	0.144340762278834	-0.230639342979941	-0.0258054835809797	0.0434337470051046	-0.400624818026482	-0.263228415354761	0.0635685560150176	-0.282982023258081	-0.146059751643055	-0.31867815779773
GSM1019170	-0.0220780644994968	-0.254236695409586	0.135649673846679	-0.154629107143323	-0.406312125224327	-0.108021795309562	-0.0418656281879161	-0.301169838140997	0.0689513323357391	-0.15234500521456	-0.204028539389995	-0.231853057138699	-0.387011748255776	-0.305423026650254	0.306766728994413	-0.0924510964437341	-0.158186430156314	-0.319406381105141
GSM1019171	-0.0667439134692599	-0.222542881139199	0.121628745283229	-0.251781107922213	-0.332205474449245	-0.159139708347209	0.0753019692553703	-0.327783370962858	-0.00401225522051186	-0.268418376512897	-0.0476474531977271	0.180775877050087	-0.425674545140041	-0.356977011426561	0.255447592179621	-0.137890436546594	-0.0286282635724676	-0.338211627833276
GSM1019174	-0.119383087823366	-0.156785517329313	0.0778869845853991	-0.275756151564773	-0.473713913080094	-0.0974673612595039	-0.0677895268893575	-0.230068624858582	0.0527078614661284	-0.1788175093264	-0.150536119600341	0.08211385904672	-0.447738419977895	-0.233223196031056	0.215449621646275	-0.20083338620101	-0.190903597255196	-0.22798986062443
GSM1019175	-0.214137558835795	-0.288684167339212	-0.128978155094304	-0.268427037156967	-0.39940694752521	-0.251325904444392	0.00509844320226185	-0.289312174635482	0.102638837943178	-0.353887673945115	-0.0401544702694774	-0.025713901022646	-0.374387610040125	-0.306361143467855	-0.0441753399981914	-0.217796487600945	-0.154283833203275	-0.326497037470966
GSM1019176	-0.0895944639287252	-0.218129850014002	0.100407299579091	-0.146282724063972	-0.402764728781466	-0.0460317260745815	0.249978432067484	-0.262023669000946	0.249153650038602	-0.22216863604199	0.0769730386864118	-0.0436105042798994	-0.288685357712322	-0.189020293553375	0.170034748769633	-0.0796297503406236	-0.0717349584395182	-0.197836707370028
GSM1019180	-0.185876712624047	-0.217947044735159	0.13125920708414	-0.196628973979081	-0.454956988854143	-0.119215431163605	0.116272108918966	-0.390800573617148	-0.108003731070037	-0.136793751454648	-0.0381642309417231	-0.0668723838205622	-0.380236801093743	-0.195320604265389	0.300022450001114	-0.0841859606466516	-0.0171583680631342	-0.287668528858713
GSM1019181	-0.135673854515741	-0.221691124504935	0.0414395464003579	-0.273831160843778	-0.381282712636376	-0.107435885342037	0.167888380864193	-0.413088258950653	0.0239702341841795	-0.220558707670242	-0.0475208299430121	0.147271472447522	-0.434065969943627	-0.306355886190184	0.188739884933477	-0.185275333441044	-0.0957069837624268	-0.301805027708264
GSM1019183	-0.103130139574423	-0.221404736870527	0.104268042221476	-0.264432672786205	-0.369092867891286	-0.11267135798038	0.0121292831191573	-0.344355444680562	-0.0078260934691129	-0.200901342773923	-0.0705564606994971	0.123516484931215	-0.40389731013	-0.186942822221535	0.287686487062514	-0.156041749999466	-0.0195999692908233	-0.305847989001625
GSM1019185	-0.00835481702307681	-0.264634819288732	0.0651885995533599	-0.218361156372357	-0.349240637736003	-0.147737549570896	0.0161755085837004	-0.355631631643463	-0.0104060783848049	-0.198506573634137	-0.0295403502047919	0.0352046625984451	-0.425987253555637	-0.267526133034921	0.202237322125971	-0.136600179501025	-0.118486761958486	-0.350342835089708
GSM1019186	-0.0191856156712865	-0.158483202540939	0.0638083175461922	-0.264448632718978	-0.390289338965149	-0.165528910134114	0.0261176166772013	-0.266351811152042	0.00343313078606995	-0.199631190886182	-0.12382348005341	-0.15034518851394	-0.400505044979875	-0.170551957848899	0.19886396670554	-0.134075992122342	-0.112940235000638	-0.308880136443972
GSM1019187	-0.169860035342752	-0.254272531679667	-0.165117246001757	-0.389864248865898	-0.335389646136388	-0.0700579997322835	-0.0975729807778453	-0.0972755826003974	0.0419409073441534	-0.318912582452847	-0.239728596469684	-0.16532059653269	-0.370348690996479	-0.277564061888527	-0.0239834335369347	-0.339889694181217	-0.196917048938047	-0.380853500860402
GSM1019188	0.0517986177478726	-0.172512443265307	0.0957749063402602	-0.245290927726423	-0.325976485074995	-0.247981009914163	-0.0326480563624095	-0.363403057491265	-0.050159757083504	-0.252025399854706	-0.228815128911049	-0.148373073734178	-0.41920921340543	-0.209175943992178	0.227556631075701	-0.0911715984878548	0.0201758770087851	-0.361849833755995
GSM1019190	0.0763930222383588	-0.21240220019157	0.0893890193577376	-0.203441577406627	-0.40355079517712	-0.117081399906756	0.241927931819036	-0.300549203126242	0.162667537669743	-0.315488123710353	0.155112517481441	0.0230714803202523	-0.370294735786871	-0.271148518389076	0.222967646519765	-0.135431764412277	-0.0747353782189683	-0.292342404112905
GSM1019192	0.135852375563141	-0.151825071043471	0.191713588610109	-0.169064347066244	-0.403117122611485	-0.113015908633446	0.168170846508474	-0.277607061377119	0.19992868997559	-0.195143819214854	0.03531124391543	0.0634129940294286	-0.325842347435073	-0.277823116211197	0.306450386194979	-0.0372254879731882	0.0435676165758059	-0.271354157719697
GSM1019194	-0.019918171618052	-0.239357619767914	0.0356891361684792	-0.27954002747969	-0.368222982898432	-0.0381771359300528	0.068993647481682	-0.327150742644321	0.187886906325116	-0.263624928348902	0.0706070275039676	0.119730427488295	-0.301318293051809	-0.221364479831512	0.160941776871824	-0.184759176242597	-0.0702748299059235	-0.243815052319235
GSM1019196	-0.174563822501433	-0.302182833313712	-0.122458132366674	-0.296945954017427	-0.477663699963089	-0.22768015000878	0.193116069671291	-0.357224655327993	0.0926202331620243	-0.220482255313039	-0.0349728795368519	-0.00901159092872043	-0.432675144099679	-0.24911478957242	0.0147435274091818	-0.204075793047385	-0.196834280423144	-0.342697735491041
GSM1019197	-0.275809110582167	-0.188245593193602	-0.0822533900968471	-0.263716927977885	-0.452578791613543	-0.177685649228533	-0.0210935662285258	-0.280017150543542	-0.0354259849623028	-0.241278680378671	-0.205539693372459	-0.14902554079044	-0.408135232705972	-0.249058403811361	0.0856688402650208	-0.353086963912165	-0.259062874111833	-0.235180223793161
GSM1019200	-0.183857838244247	-0.257779697976582	-0.0272277347409563	-0.354614747909246	-0.438694264265784	-0.168760559686688	-0.0256614466026927	-0.318333276335027	-0.00561147599881619	-0.180128803109601	-0.218822855095359	0.109706521234965	-0.407739281247588	-0.302241448458105	0.081235167008977	-0.21720242272755	-0.14937418152429	-0.248731358194925
GSM1019203	-0.186193365450454	-0.227676128605032	0.00207541671903176	-0.214368713309072	-0.390783106678168	-0.137793018062852	0.0817463607163839	-0.348790533981148	0.0206178704955987	-0.299991692852543	-0.0828530583907313	0.0863635979019692	-0.423234196959187	-0.29393666229352	0.196842977699368	-0.166349649009597	-0.0706027217895939	-0.316518103154753
GSM1019204	-0.217297084104169	-0.209719065844921	-0.104514324123719	-0.372533982297823	-0.382866074424853	-0.120743912741851	0.0257058862442596	-0.291979727585979	-0.119795477948033	-0.329852997469408	-0.0415676645449891	-0.12161690781258	-0.397785899739723	-0.248768053300814	-0.0218774051934839	-0.254527584918202	-0.192283261880162	-0.363079203872692
GSM1019205	-0.0067799690302347	-0.179068766929281	0.181247877719985	-0.207958324093861	-0.431455031969436	-0.105923959701786	0.211288440658921	-0.326053788568578	0.160217056997933	-0.247553885915361	-0.0195451913839522	0.274038219409276	-0.370938006387844	-0.282927060530822	0.2945276242159	-0.0997309440553086	-0.0253243365162394	-0.27307687687765
GSM1019207	-0.0824640638613856	-0.221250835063755	0.178925194981777	-0.0838018176983477	-0.309689124793071	-0.0175731341445433	-0.0377346525239325	-0.253726382581743	0.0110108863958596	-0.151570931305448	-0.101262563025975	-0.0930926311002827	-0.363603942625374	-0.275720880139195	0.336358406754852	-0.0055027817099636	-0.0510059028825976	-0.303358117800359
GSM1019210	-0.0502412022341147	-0.250923288917138	-0.0052397921935473	-0.300334587277776	-0.401398309209982	-0.230171352222329	0.144139717523876	-0.0894630767144554	-0.009191869405852	-0.265556650216435	0.03278220376744	0.0315419690412243	-0.421286953043472	-0.320058927705205	0.0876723715058234	-0.191678596323151	-0.218315884078356	-0.324739639195973
GSM1019211	-0.2075425827666	-0.250463212938027	-0.023619883247336	-0.354043590435935	-0.444198378064957	-0.147536750371651	0.143595765342261	-0.382198788681945	0.120198896514601	-0.364835842148688	-0.0440022625264006	0.225224070469633	-0.44442072192692	-0.294778481758323	0.0917671640472614	-0.249563975632135	-0.11905021276203	-0.364282353603709
GSM1019213	-0.187152912442694	-0.164944653435558	-0.0434711287563217	-0.212882189179689	-0.39803337984792	-0.101259768220707	-0.0686344578622994	-0.322854377286785	0.0853450590440311	-0.208956904081303	-0.119258708403907	0.134564497380804	-0.383666215711231	-0.249414119238437	0.112199172472993	-0.240473151040138	0.00673325579188229	-0.337594561596235
GSM1019214	-0.0654928475284613	-0.214745720771735	0.00867852431876923	-0.27612422617089	-0.365065698904705	-0.189205389038926	0.0992406425708975	-0.264392450114712	0.0334887392778823	-0.299751416171427	-0.0972740339532986	-0.00212703984841751	-0.443029090930749	-0.293021594550636	0.160028055701518	-0.218065864015095	-0.0249463423961606	-0.354264480468407
GSM1019216	-0.196134453151457	-0.241192031176607	-0.213302732451832	-0.36804294464564	-0.387280665487928	-0.0893354213575649	-0.0971165670624527	-0.317937281926042	-0.0937786131475173	-0.341791987259108	-0.131968284435448	-0.217827125948915	-0.330693598591144	-0.20085459349191	-0.158775149444026	-0.382945340574952	-0.141354431158736	-0.308317985381399
GSM1019217	-0.24901438611963	-0.333120262101844	-0.250615709590048	-0.381152034562569	-0.366041643924733	-0.197550696287659	0.0752948446964739	-0.237931933498576	0.0502015338942302	-0.230853374326643	0.0227054730663359	-0.148979359371111	-0.342294562367002	-0.269152298384805	-0.0734818715319423	-0.30396225298191	-0.0609434091810393	-0.255601207257617
GSM1019218	-0.258338187309522	-0.212725728613829	0.197048117501659	-0.209278998183795	-0.361261483629711	-0.153252579162791	-0.110734399521935	-0.49092579273964	-0.119758303570494	-0.156400255990494	-0.274618837851809	0.15023284562691	-0.437733145416723	-0.310913415135295	0.345769016537325	-0.0651388936963253	-0.119632810122973	-0.280698122481639
GSM1019220	-0.0207759528196897	-0.266588024462548	0.0955224004284187	-0.261344872966876	-0.436817555562986	-0.112300219916785	0.105497205130254	-0.0999718717442962	-0.000719769793113506	-0.0670316947699996	-0.0781942812366169	0.218158901960742	-0.407059269432159	-0.302567297656647	0.283891460117305	-0.0106909403920211	-0.080280216482661	-0.197201015968142
GSM1019224	-0.188537020406997	-0.253464099358562	-0.270683824598871	-0.39019357767623	-0.462882693911614	-0.226146153122551	0.0411309590155044	-0.360657231569351	0.0433504075912085	-0.334227936667489	-0.221422862400505	-0.196112990465675	-0.435210188435776	-0.211381544573804	-0.158420833894987	-0.417825998847486	-0.277657358055457	-0.192062296131581
GSM1019225	0.0805860010767155	-0.166041035314309	0.254055332502841	-0.0863404087615553	-0.329334343212271	-0.0555828127217171	0.0994887680292016	-0.192818557219643	0.0223834121823387	-0.00311922326705659	-0.0276320466663288	0.120477687485415	-0.405221371026277	-0.249137324306333	0.434829110654602	-0.0255732950326166	0.0125720116454524	-0.264862285588452
GSM1019228	-0.0196800029256918	-0.158516443993297	0.169480848222856	-0.165520442972257	-0.446537135097652	-0.0931942869432993	0.0530279950901748	-0.298028993627324	0.122488917205109	-0.191823698073063	-0.021009504828102	0.0867838763596305	-0.388498303083334	-0.233506544755134	0.332359163585471	-0.0737337581956241	-0.0452976332516999	-0.27747015722745
GSM1019230	-0.179600313113436	-0.192044336087048	0.00953984901934071	-0.270504115371746	-0.426188316017706	-0.176839175929373	-0.142023740917298	-0.235763526450533	0.0131666232042391	-0.150971516514123	-0.162855502939209	0.052549002300379	-0.427588140479241	-0.241221147074779	0.233225541939813	-0.0831231303573721	0.0166733927207421	-0.271861905023487
GSM1019234	-0.00975035943178043	-0.15706812861388	0.0801250683908624	-0.271204374268134	-0.48474509944045	-0.191752888311773	0.145999059585171	-0.291910178872395	0.0859138296947918	-0.203049952995918	-0.098932556178474	0.0694132354900895	-0.441654827183791	-0.29725387980511	0.181594166745896	-0.214983809865146	-0.195759523940656	-0.0134389100014625
GSM1019236	-0.0544029201583621	-0.257296443227936	-0.113554903293281	-0.25555786151626	-0.425080883740664	-0.139731617985485	0.226363739061641	-0.278690428157441	0.103196417801271	-0.303453189693585	0.0497003557920984	0.0539260547473794	-0.405261182848531	-0.292733774770793	0.0094054775715546	-0.278881745935228	-0.182627325508401	-0.328092982836656
GSM1019239	-0.185379144312551	-0.291833679863616	-0.142655457946262	-0.303252392644114	-0.386938695484995	-0.134454754329239	-0.104075397191225	-0.267656486968043	0.00682586652309979	-0.203946667319907	-0.115814218444726	-0.0177386361290277	-0.429634611829326	-0.268083790037211	-0.0158199258677025	-0.318237127483799	-0.1959922374912	-0.378421847744807
GSM1019242	0.0454924026647053	-0.238042711033736	0.13746477329522	-0.165034133802619	-0.432921224141029	-0.2175282056539	0.344337812773959	-0.401367460237246	0.167936776266284	-0.116749335309501	-0.0830985878835057	-0.0433152828586035	-0.433882325322237	-0.295945281178141	0.25855464997959	-0.0751613993483809	-0.0610750376512946	-0.246167252399041
GSM1019243	-0.109210374699837	-0.286882987715105	0.018162008232961	-0.282561198571909	-0.424635442337377	-0.180003454243005	0.102885645068814	-0.257559902517885	0.108066941958375	-0.214761766241582	-0.0774315142831987	-0.00998476465941919	-0.452110563101282	-0.266807336183173	0.134714018921926	-0.267543098520589	-0.156044412658113	-0.358863348737632
GSM1019244	-0.0178552380016134	-0.275247787044701	0.0354940116398505	-0.22997859073359	-0.37309833393905	-0.177109724670756	0.0855142743248208	-0.348331800802237	0.122085839290883	-0.235845874661743	0.0100050851187587	0.000581437745853127	-0.380910152339856	-0.284701582676371	0.191170566830275	-0.175469440695669	-0.166425868538492	-0.3181644969453
GSM1019247	-0.156588509924782	-0.227821676538927	0.0495048026021609	-0.2288822965656	-0.449448871126047	-0.177714165772205	0.194105860958307	-0.233791533450932	0.167917348166871	-0.123110379026181	-0.0552439476196563	0.203291387848845	-0.321871730787715	-0.188395750398019	0.232193341549796	-0.128505922084574	-0.0254296649728161	-0.241141098269477
GSM1019249	-0.0644387392513475	-0.18739013555125	0.0734700407188067	-0.267714623241297	-0.428918460929971	-0.133753597416012	0.139843733511478	-0.199923787006371	0.12422852028143	-0.209866895022938	-0.011759566906421	0.144174136147333	-0.448424099330618	-0.302190433736832	0.191932423409682	-0.197573196876779	-0.0970757296732141	-0.297572699782544
GSM1019253	-0.0418820858639392	-0.271284044182981	0.00924353503249269	-0.287615221588617	-0.447275585451037	-0.252287606623717	-0.0065374744867632	-0.312970914835922	0.0204692248488672	-0.236555587305954	-0.101441864609196	-0.0857582095540048	-0.467435325885137	-0.276259794855612	0.0882292580664486	-0.28956899486145	-0.0881640134482031	-0.255318016408026
GSM1019254	-0.0416986190574718	-0.226991962229363	0.136978694901597	-0.218224389478907	-0.489181814396308	-0.181019603704042	0.26895273486414	-0.443069085877779	0.127346850461655	-0.0995274455368884	-0.108452391390785	0.174502295618933	-0.442425158394305	-0.263555629526262	0.216093444736728	-0.0577853373050788	-0.0789583743789227	-0.134445498454296
GSM1019256	-0.110723749181273	-0.295712016918477	0.13838911594485	-0.21006579863458	-0.372777328630961	-0.190308454979951	-0.126827892836857	-0.259861109129884	-0.0278687378751995	-0.180294723273569	-0.0452130802052548	-0.0137100004327492	-0.434853826834276	-0.194413246414367	0.263461485001935	-0.167846375137594	-0.0136801335363723	-0.26500156966262
GSM1019257	-0.103953321112492	-0.298369623961753	-0.0318941444635481	-0.291025236718519	-0.407637301433621	-0.143264588158644	0.258084706398104	-0.361919605161961	0.0920866676840345	-0.17803276324231	-0.127654253572292	0.0340860765336451	-0.466788122484139	-0.324906115433967	0.141934125312159	-0.258620758980665	-0.164133545380019	-0.338158663569958
GSM1019258	-0.278067001860333	-0.263066399590972	0.0630744745747958	-0.209911687368102	-0.377844981466649	-0.224942817773784	0.148614062394967	-0.277083659880573	0.108690560959821	-0.177526555980208	0.0371234227431249	0.137719059172908	-0.447929711983603	-0.350852164525368	0.219216826392245	-0.156286727947937	-0.109690292152275	-0.257120785889348
GSM1019259	-0.193544368105457	-0.298086292776411	-0.0174157458108019	-0.269998836054957	-0.423566941670511	-0.241985337171298	0.101246547433283	-0.274978276406445	0.0472779228049003	-0.288926831754778	-0.18494543418658	-0.0286089060806746	-0.454215482125265	-0.267260559718549	0.0784880777180411	-0.284385252721706	-0.15341883436077	-0.326094181053972
GSM1019260	0.0141864521873198	-0.188220468425657	0.135808422279136	-0.215501926260837	-0.457831802956558	-0.156352133224371	0.180766478151512	-0.379613520065401	0.158789602008632	-0.0562256181666294	-0.082827983260289	0.058202968650772	-0.439389710020226	-0.280146442964732	0.300552378761365	-0.11587412926051	-0.00314586952638536	-0.251949961123227
GSM1019261	-0.0838799056091412	-0.148764922644759	-0.0208598456332717	-0.335911187107638	-0.416376148015757	-0.230442755752653	-0.0663084314430165	-0.296941396461377	-0.0621032173886637	-0.110064221772145	-0.261774013820968	-0.198007485644277	-0.396336941169971	-0.182343232716162	0.115473884700879	-0.201272889938006	-0.176656620801785	-0.186749455149593
GSM1019264	-0.132392181208469	-0.300148436590886	0.000540426716667884	-0.324476212193395	-0.429644629238361	-0.169028640547845	0.15417098546953	-0.206447602442085	0.0815000759985667	-0.178866080790661	-0.085784032032281	0.103684736132171	-0.412774222149616	-0.293452414713588	0.137471369236168	-0.217038933536595	-0.0895309120082287	-0.27869146251438
GSM1019265	-0.197987549614802	-0.235717492899009	0.045089623118786	-0.308013357015984	-0.42289504643974	-0.165678639557485	-0.0352041925297256	-0.235653696870294	0.0990002879286766	-0.175361239090785	-0.125934238428402	0.138477010346087	-0.455117407059237	-0.285455448010601	0.211988926225733	-0.227566787194523	-0.0447681463220977	-0.35211093360484
GSM1019268	0.0443124756907954	-0.255136639592593	-0.142809364828261	-0.371926248562341	-0.434217327348144	-0.212884787386442	0.0808523557728078	-0.37441874264887	0.0657082475043812	-0.28582348825648	-0.144106303164659	-0.0660102718426688	-0.374149506901931	-0.211354998924218	0.0753236324716011	-0.26243377057085	-0.204255053981824	-0.261174505975175
GSM1019270	-0.285098224182909	-0.309982341271491	-0.100535630930576	-0.33990185852933	-0.445111498166514	-0.213378570593274	0.108333780055019	-0.276587266082262	0.0507304800378535	-0.289184890822148	-0.0592318964759597	-0.00825392768092503	-0.416914398247178	-0.29231631692286	0.0849766897480926	-0.303391535566954	-0.2316134816815	-0.268552009881027
GSM1019272	-0.232945621884842	-0.299034967763093	-0.223092788997464	-0.238500580860656	-0.344992966708239	-0.292355838944832	0.00716390564704386	-0.306774467838649	0.0574069456044588	-0.15574653124841	-0.0794994857609241	-0.00228808202428403	-0.463448670971694	-0.30741663318792	-0.035742777322567	-0.361200348291102	-0.101112960747925	-0.282041900178014
GSM1019273	-0.259814402891996	-0.158474242760783	0.0955518827541117	-0.243925452721768	-0.38422796937739	-0.163950905097675	-0.0519600779020978	-0.422779640865329	0.0198001874983892	-0.22448565249612	-0.148013381348742	0.281096600595302	-0.409954021913733	-0.240062337480539	0.213045636397788	-0.119064737500605	-0.0172647429029531	-0.322815470752996
GSM1019274	-0.241808082765291	-0.321444828350309	-0.143698796692517	-0.412059310891004	-0.399006734194617	-0.239010139155	0.0103115904885068	-0.267508448548075	0.00442337653044508	-0.259775002431529	-0.257646149080168	-0.0306367095614996	-0.445400164711481	-0.295445915694231	0.0260769238875419	-0.299241130117414	-0.0168789710571433	-0.346790677013659
GSM1019275	-0.237841688768661	-0.202512034879294	0.063994593665186	-0.266400585451635	-0.451356153840546	-0.179402208403354	0.110422671094829	-0.267961191666168	0.159155472101133	-0.235083024918838	-0.0440570514134052	0.142691052204339	-0.476445840449177	-0.348252852819611	0.131773814429273	-0.164294679246813	-0.0558750214255038	-0.289103201633773
GSM1019283	-0.143682058211318	-0.250562746481625	0.0024591421155668	-0.226753752963466	-0.403279020790163	-0.214707212101591	0.226230021878813	-0.372871756829745	0.140031577761387	-0.194628607333641	-0.135446059287581	0.121633824513767	-0.447936981628305	-0.275415094987737	0.148914134658367	-0.240139254507495	-0.0120660287059252	-0.265495765182817
GSM1019285	0.0315670473629489	-0.143978222072459	0.118520871897044	-0.260047694922753	-0.467323114470823	-0.0417514473551726	0.114545691771203	-0.318896984906318	0.109954733727944	-0.169911075090558	-0.142315393531687	0.144575048656735	-0.421161424996868	-0.201020078176135	0.26230613637839	-0.157417827309324	-0.0754845835450598	-0.290574471466008
GSM1019286	-0.164666280997101	-0.129691825758433	0.0254102589316556	-0.345559853438244	-0.422978884544486	-0.0638684387459845	0.0195717676773451	-0.269598155897305	0.0313002113155661	-0.250378279748807	-0.197737742097961	0.138276020407467	-0.420776043447015	-0.250880002332886	0.181111474634532	-0.221260815753015	-0.0947698701734879	-0.346512004199667
GSM1019288	-0.209474130237201	-0.203510914052408	-0.0317848417669607	-0.360569779926676	-0.352544145246884	-0.229936654083346	0.033965591125354	-0.277818852365914	0.113818448592659	-0.243763297166894	-0.085096136774704	0.074782917110684	-0.478213765487977	-0.334225568727285	0.127171946502641	-0.249898787021387	-0.147210665550624	-0.363104743232396
GSM1019289	-0.139247052493437	-0.19415592582067	-0.0403804931378233	-0.261704239427692	-0.444341316077894	-0.195197252264147	0.0544011568499851	-0.275949880132932	0.131888456464522	-0.160388891077173	-0.130161501844266	0.0365069498069606	-0.414797447504844	-0.152671524918571	0.126606443692379	-0.245375484596083	-0.102081910980065	-0.0453074000051342
GSM1019290	-0.166995841470473	-0.287795034895554	-0.130669394495286	-0.374716051533838	-0.435521938811024	-0.181049160362584	0.103660462120265	-0.336412979669665	0.0781333049346171	-0.283910620612873	-0.168903876518045	0.0700749913554459	-0.408687515391504	-0.253753129110752	-0.00949067776562322	-0.298839897468939	-0.160855864281488	-0.239602903912427
GSM1019292	-0.0560186233676868	-0.234037285716156	-0.023549109453687	-0.245129091662234	-0.326074309261084	-0.148339893536261	-0.115814601819752	-0.311487484002816	0.0120877810891803	-0.213652277677236	-0.208186645724621	-0.157533324637502	-0.369930355718001	-0.147511616248119	0.11312586270785	-0.260212367904509	-0.180860931400449	-0.267730856895699
GSM1019295	0.0677224826914272	-0.255370508455951	0.0182353810161145	-0.328028197217685	-0.463348639517216	-0.218850576669607	0.160420300583272	-0.326481766663089	0.0770201691040071	-0.167786895668325	-0.155798331034323	0.0892733788903153	-0.434066858063509	-0.256972387836214	0.19912040743003	-0.218145035031819	-0.0954894727545187	-0.242706402764461
GSM1019298	-0.291500134995516	-0.239271588196516	0.152004758165687	-0.249301297245575	-0.422621314135926	-0.176900836255087	-0.0167477620797416	-0.339375893803568	-0.0834813956998989	-0.123771260408717	-0.258598251483702	0.0655062440028641	-0.427069512805067	-0.268818605299566	0.290005030254614	-0.127920086431922	-0.00422149050835863	-0.308350948852527
GSM1019299	-0.135003462196533	-0.264952573187879	0.00962563508314336	-0.274180827009508	-0.38118285412948	-0.258146344731195	0.304058378376123	-0.389421101890317	0.0609754565293023	-0.24546608088813	-0.0272125866666808	-0.0404379278137272	-0.462191331488387	-0.253491333217683	0.126559862816905	-0.225286053647709	-0.185671125098972	-0.306909938618689
GSM1019300	-0.0984712722537018	-0.329393196164345	-0.150973383843532	-0.199776755052221	-0.387557747387798	-0.28531198788661	0.0623834121565731	-0.397673177250069	-0.219088103694693	-0.129222571526166	-0.201043413332118	-0.266344696764476	-0.447686200847284	-0.232407867815945	0.0693284619381423	-0.159604215851889	-0.0503286677051685	-0.273826110756188
GSM1019302	-0.109127486100608	-0.198712887315079	0.119925854714052	-0.220532117690191	-0.35323448581324	-0.209587129326112	0.197283766830245	-0.301655752493705	0.100296037138975	-0.210718822836851	-0.0419911599929565	0.0182087172644596	-0.443522025936738	-0.339121784534225	0.242727260651138	-0.167514630473667	-0.109272817288661	-0.346021401521751
GSM1019303	-0.195580568939882	-0.169103066201473	-0.113161279837955	-0.391879670331764	-0.411897475130663	-0.15746259295279	0.0790934254183095	-0.330270085207816	-0.125966087815759	-0.231451425948844	-0.236603588469405	-0.0641793015518845	-0.444389726181672	-0.288677761737006	0.00621679543491792	-0.359907544760719	-0.134839773723919	-0.310546252543101
GSM1019305	-0.0428329144194578	-0.252214664078781	-0.0969741322262335	-0.249138284875504	-0.358499126585081	-0.193105018343746	-0.0723316818600384	-0.347436019943851	0.0935139010648462	-0.200017295517366	-0.196761312562537	-0.117826633809359	-0.439887750842317	-0.242522956110641	0.0711189594256655	-0.188288377228764	-0.130083197992342	-0.290165044341315
GSM1019308	0.0392588836816965	-0.272463568132636	0.018595924638254	-0.274426822087259	-0.399240122291158	-0.195163931181919	0.0728598252647167	-0.23768246359245	0.106329644664405	-0.221706938447666	0.0814679689916862	0.103174912387139	-0.458840989222661	-0.340903848653264	0.147283345507701	-0.18521889119196	-0.0959985246694732	-0.337626878872758
GSM1019309	-0.0360328917672769	-0.248443287925911	0.121323170162852	-0.193861653721252	-0.376116548356346	-0.167537102264018	-0.0337458985531208	-0.391299082634718	0.0570349608068678	-0.251510836921539	-0.145771012745444	0.051427807138692	-0.459046084591793	-0.308051550530413	0.2699880892337	-0.112582199088074	-0.0469619863262611	-0.339363839996518
GSM1019310	-0.257552743887405	-0.316614951211145	-0.111293711922759	-0.31183055446369	-0.412590366993167	-0.245580353293457	0.0350197202291197	-0.216944098906695	0.0803363197024578	-0.357762268696566	-0.0854505346596	-0.0540916946002679	-0.455850529306854	-0.376178580269077	-0.0107025889627012	-0.268151932139541	-0.206493726054922	-0.398966805017499
GSM1019311	-0.106778840242388	-0.133677628204587	0.140215898827744	-0.172793002690289	-0.432055771912151	-0.128528087890316	0.133812154788662	-0.348994089680102	0.0888230789731107	-0.233787048653381	-0.173788506784559	0.0718347535900807	-0.43666963037046	-0.275535804402005	0.303759836950715	-0.137748543372364	-0.0347781797202341	-0.292896474461213
GSM1019312	-0.241923095091346	-0.233352717671294	0.0888833049700967	-0.252126218535301	-0.453814883982737	-0.0661704777523501	-0.0631221887659779	-0.196402253127258	0.12094520109889	-0.0741894845771541	0.0066525913389728	0.00917943149266496	-0.389028810993787	-0.285529873796746	0.277972196847399	-0.127010022627084	0.012826282172076	-0.303340930753616
GSM1019313	-0.119729207903235	-0.220751631040984	-0.110599813726143	-0.332495425896983	-0.432411386322235	-0.204449158299363	0.088930721665104	-0.29545757193136	0.0727147844141776	-0.227032343481147	-0.195418831338163	-0.0997603168633548	-0.436421526839762	-0.243787100973207	0.0424506670510727	-0.328422825073901	-0.0942170045660885	-0.293860004589854
GSM1019314	-0.0348483626449238	-0.159470055578671	0.260857496317456	-0.205673113360421	-0.395882870816372	-0.096231869080986	-0.051968267358863	-0.332565658974466	0.0623471395070805	-0.0716989181563233	-0.163902455791173	0.452463680498881	-0.417821868510504	-0.303167879350895	0.408323461257264	-0.0478826494623275	0.0237156495830611	-0.222783048181404
GSM1019316	-0.184796756438259	-0.297633687061375	0.00582918894331168	-0.346073134919294	-0.369987532456542	-0.180984747038679	-0.132889701078018	-0.442394854466767	-0.0834517457515643	-0.178586171628737	-0.269992607902824	-0.0201649581086264	-0.428658412838552	-0.23588173436269	0.155000503511539	-0.219298555492905	-0.159287857995479	-0.387028487760295
GSM1019318	-0.143325537183811	-0.235852480162578	-0.0327506831227703	-0.282809110927744	-0.3872572861674	-0.193548507912706	0.0141670754876787	-0.232157755675465	0.0851152895973784	-0.267747564824366	-0.115966280659502	-0.0342979383636558	-0.420355695240082	-0.121957725576463	0.118289741436612	-0.213373592977733	-0.158905118033849	-0.285091715352527
GSM1019320	-0.0949409130106323	-0.289117689760357	-0.142556091142775	-0.378153189101595	-0.394811285891151	-0.213226450080924	0.258654674769231	-0.350158699294181	0.0754765736245232	-0.326009696319226	-0.119407372621905	-0.240945724546744	-0.421540321913053	-0.256281884247748	0.00377109321266076	-0.351409705356616	-0.148282113317572	-0.33399513658392
GSM1019321	-0.155715644451081	-0.251544973578319	0.29576079741381	-0.0817520742864823	-0.41891661261633	-0.0663321078787361	-0.0500117571338163	-0.346851185607931	-0.0506841259306606	0.0576833517782245	-0.2308513494158	0.113373622500377	-0.4198301449649	-0.281890419197558	0.505546764960951	0.0751634993216925	0.0416891219812873	-0.201670113838863
GSM1019324	-0.241697513772658	-0.228030466595321	0.022473023518764	-0.324568831197947	-0.45594310351827	-0.175995501920689	0.150119255914754	-0.315553447608645	0.024116203386526	-0.179790546549366	-0.136402492822051	0.160056766402563	-0.446271255686812	-0.247951607003012	0.149589744940049	-0.240408961270961	-0.0544082068716036	-0.320018747711951
GSM1019328	-0.189261426191803	-0.273253946394981	-0.0735368642839713	-0.347442785790947	-0.489921474707827	-0.194655731217414	-0.0514490127124651	-0.409812983044533	0.119960904411571	-0.22962392978224	-0.0732816759545291	0.118475608592395	-0.47735931163865	-0.283834511592516	0.0650135903501256	-0.304678870430658	-0.11420553600716	-0.307619038399721
GSM1019330	-0.0476783157946521	-0.207267876499882	-0.0457773462727612	-0.273552501736148	-0.458624437919433	-0.227584010597316	-0.0429673049963302	-0.457558011760792	0.0490014984519496	-0.179282673182073	-0.250785370055687	-0.0360242851810503	-0.418628434198308	-0.282266251474166	0.166197071070028	-0.237473010504199	-0.121740709531032	-0.195480731316846
GSM1019332	-0.0497105591608908	-0.244640670781778	0.11907036282092	-0.249575477163729	-0.437015793897776	-0.186200417711146	0.0722020230644326	-0.196403303902882	0.0648604188915886	-0.17915264034939	-0.13541803132043	0.106839758547478	-0.448359398328217	-0.223331867434101	0.237222032635638	-0.179174482493067	-0.0171772195077785	-0.323226521823784
