B	CD4+ T	CD8+ T1	CD8+ T2	CD8+ T3	DNAJB1+PTGDR+ NK	Endo	Epi	Fibro	KLRC2+PTGDR+ NK	Mast	Myeloid	Oligo	pDC	PTGDR- NK	PTGDR+ NK1	PTGDR+ NK2	PTGDS+PTGDR+ NK
GSM748053	-0.261333168590984	-0.32615590300005	-0.0383031207109421	-0.329471695247178	-0.438387724881524	-0.255565153318459	0.18724632188743	-0.295680939119292	0.139397110508224	-0.319747782287321	-0.032595792184564	-0.0135729392241552	-0.482185115027463	-0.363074232661392	0.0380870475393278	-0.186364807391223	-0.16320754289956	-0.322790034493132
GSM748054	-0.213711580760927	-0.278742561261625	-0.149844131468876	-0.403005298235346	-0.516290684061847	-0.330937265338873	0.204662464097607	-0.418180954724964	0.130262858475624	-0.276764803742985	-0.0642747537163117	-0.0378669421870642	-0.4744995322037	-0.306717803250009	-0.00771682188701836	-0.290719932065833	-0.0734667994449408	-0.341619250835373
GSM748055	-0.294687740392564	-0.221146937219973	-0.0913597552102915	-0.379909733464183	-0.475565302913355	-0.2991911777396	0.00708122050534875	-0.260138750664597	0.10127566573338	-0.260013093875184	-0.106661736601539	-0.0801517768488165	-0.450064084356793	-0.316895674708652	-0.00495149993215959	-0.262483959182826	-0.0849464508708985	-0.338896284609326
GSM748057	-0.0741634239336289	-0.342383538666034	-0.124306082747271	-0.314355344971357	-0.397650453764576	-0.185144698694916	0.133713062322718	-0.250319902882301	-0.0486007316846724	-0.19679352956277	-0.124073274439484	-0.278091663874499	-0.323279473564414	-0.248174416257163	0.114746174448067	-0.171503813193896	-0.146751412680597	-0.24852665903754
GSM748058	-0.299812102712969	-0.266560267719557	-0.0368334980580648	-0.319716102085341	-0.488467815066019	-0.281173048665938	0.233044228484502	-0.315433803967908	0.120741463042097	-0.273429346970769	0.0254836544360283	0.0437868103528334	-0.459020484455257	-0.383993881348744	0.0157577735723674	-0.206788402135555	-0.11065728636454	-0.298868062257445
GSM748064	0.0310872256728724	-0.274436010461455	0.00391539783300865	-0.283095289061608	-0.489349594329086	-0.250222352057309	0.114535823839502	-0.339970495191359	0.112495509371671	-0.213923721561833	0.0383573043078129	-0.0727103136054592	-0.44961632916752	-0.344594708577299	0.164817871722428	-0.212863139786284	-0.107941515233613	-0.283980316805437
GSM748068	0.0469214592460109	-0.215499524508587	0.0988435437409611	-0.22467799104561	-0.372956530586399	-0.216156270441606	0.0117760847974692	-0.256320719049249	0.0834890774268139	-0.170968606613004	-0.153225851459628	0.0983965017822816	-0.45423548640256	-0.235345289571249	0.301569924132307	-0.107689778536261	-0.095633771186552	-0.269037242373597
GSM748071	-0.119821268977363	-0.223569916738351	0.0409180923000522	-0.306114775328761	-0.485053970285933	-0.285894422284785	0.310427540876644	-0.471862424122651	0.194519999809985	-0.194832170432515	0.00140738017336155	0.0252690482799926	-0.473896095316538	-0.348553902640045	0.123353504352122	-0.165097612447276	-0.138913902569182	-0.210805324909906
GSM748075	-0.173728679128136	-0.240373773240487	0.148104444107326	-0.238726791302484	-0.45768978583545	-0.208369077202372	0.0848941624262692	-0.392404363002354	0.119755938920911	-0.196870187434946	-0.164028994549361	0.192547207043862	-0.434992198843449	-0.305301688115056	0.224510826880858	-0.120698899043346	0.0214195308094554	-0.285688677584854
GSM748077	-0.0698703932307955	-0.248614372507159	-0.0801149398759251	-0.319602739523546	-0.494972566007852	-0.23325450052843	0.234712479889106	-0.0811224672572984	0.178910900885954	-0.203289527102766	-0.132674602339734	-0.0158948159299543	-0.453791690486941	-0.263002907941076	0.0695103436232957	-0.209691277035618	-0.115330996550831	-0.288299715847739
GSM748078	0.0615417679536129	-0.145437139778244	0.0586575342923932	-0.179132726722795	-0.48136496550922	-0.247075587641948	0.195811843659244	-0.235194482026721	0.0976189546545304	-0.278935288015665	0.0668672043050583	-0.0165549333172723	-0.482415327150387	-0.365278743321353	0.238309733100751	-0.127535411486903	-0.0798382824210682	-0.254157321173395
GSM748079	0.130834683786015	-0.188040831953893	0.260072417861394	-0.138789454830067	-0.485519511714121	-0.158430463770834	0.210652522811734	-0.368847859516827	0.207311774204846	-0.0888216967734209	0.0296610181641525	0.281117137822057	-0.448807704596561	-0.272536940163243	0.374104830651927	-0.0625795969384673	-0.0320010236092155	-0.298484014391646
GSM748080	-0.193859338072953	-0.263187662109715	0.118276503192426	-0.2592941127778	-0.493349436491166	-0.192873353896316	0.152729003908016	-0.291484902540633	0.130491612451041	-0.177044637422434	-0.136550095589901	0.0199461853071005	-0.468822455227435	-0.236382486726603	0.248998211859258	-0.158282267273037	-0.0934572421664752	-0.253728258642654
GSM748081	-0.21280079532999	-0.27930346585856	-0.20620643969074	-0.320926402338191	-0.506280726706916	-0.239536705006747	-0.108964357495398	-0.340001005986514	-0.0480362551869506	-0.24378973471586	-0.222636872998588	-0.270071562272451	-0.400738869599539	-0.247511729903991	-0.0371804812337775	-0.290985700383011	-0.199804920039912	-0.249808752327391
GSM748083	-0.183462613441916	-0.247195640956129	-0.0232563806621253	-0.277837103110612	-0.479241904843354	-0.245199254293052	0.275137114127461	-0.494670002424734	0.122907223905686	-0.2263772648286	-0.167785531132025	-0.0638223126716247	-0.474729186295083	-0.286973249243815	0.0806834427376007	-0.193883082431138	-0.196590864849799	-0.27207240876433
GSM748085	-0.134034271111658	-0.275442184782614	-0.174204516394196	-0.321867200887645	-0.479526177337719	-0.269424317583655	0.178639640761848	-0.384673014523238	0.0995930146181813	-0.271890535021795	-0.114589443008871	-0.116737816621001	-0.429186228532696	-0.307307043281411	-0.00451463575323331	-0.329625149631635	-0.188010601590527	-0.322993913000592
GSM748086	-0.155115584254439	-0.306466915615939	-0.0965855014731115	-0.286893443752399	-0.461453272116232	-0.217614162181896	0.165763203539112	-0.28580802576349	0.0544998270120892	-0.267065828063356	-0.040252906446319	-0.0816390137155553	-0.427572753903234	-0.373896615370755	0.0650170902109221	-0.174637940402897	-0.0973312336734085	-0.330935814086672
GSM748087	-0.261651836969898	-0.233840366796016	-0.0504138224132196	-0.28485547420397	-0.478312427683412	-0.314869910786205	0.121909847407813	-0.416958882536429	0.0248634152000202	-0.303518936728685	0.0696075215425078	0.0312183650818353	-0.426588404645604	-0.378657994663759	0.000368152179268531	-0.244241941374545	-0.162179787415307	-0.296418695257526
GSM748089	0.223580586553478	-0.0566108751421687	0.321137390676097	-0.0798142784021351	-0.474469864681395	-0.0814305684255997	0.117505912472905	-0.37395575942763	0.162338011851256	0.0434980014030838	-0.0747136029017434	0.143094261354749	-0.439693024147763	-0.266785034002021	0.457979716415494	0.0547519005274069	0.0795783789478713	-0.210488445127802
GSM748090	0.0951259362617091	-0.29647448044788	0.0410007039249249	-0.332254700935549	-0.48436307861089	-0.288813579906721	0.211331914449895	-0.36506794097741	0.0390998517982901	-0.300038532500017	-0.0690860914376623	-0.0703210635502315	-0.457072460803621	-0.289827071993379	0.144376516428791	-0.175661104860872	-0.134483428171445	-0.270170838417103
GSM748091	-0.257430874752969	-0.277305764424195	-0.0493064902291899	-0.281947185664584	-0.428869986181979	-0.214540486109738	-0.0255020247025891	-0.173374387954112	0.00724402607601402	-0.196725586989032	-0.245633418506798	0.0188733384052691	-0.432856057877691	-0.282060925407482	0.0919724526325729	-0.302231285164866	-0.168256481774836	-0.230327661846555
GSM748092	-0.00916268494245254	-0.24201549702213	0.0539439531344382	-0.256675462481392	-0.475812300366799	-0.216822787015667	-0.00674833873657992	-0.435167668191043	0.0202115220994823	-0.225385888968939	-0.157505248238268	0.0433389198400252	-0.442707453681403	-0.224547656954033	0.20043002098965	-0.114319851483808	-0.0714211281048259	-0.221395392206136
GSM748094	-0.333626503580136	-0.316997059664077	-0.036897441962274	-0.327508592477857	-0.523022022317252	-0.248899494410106	0.108578972616584	-0.360387754214146	-0.013197261892733	-0.27471355887155	-0.0252082766309103	0.128277670077494	-0.445945006408533	-0.340006190365792	0.0618932313225833	-0.172068268401491	-0.144913760280059	-0.288045725529406
GSM748100	0.0562434910328694	-0.218354518781718	0.0727128933213542	-0.262620961859109	-0.422253079914028	-0.215714919129733	-0.0813390518771405	-0.347879952366477	-0.0815429587799404	-0.165281145627561	-0.288046732341673	-0.0314029586162121	-0.414663674750741	-0.342038105488776	0.223363109003879	-0.152854955947557	-0.109065827717516	-0.325508402977296
GSM748101	0.118848007198823	-0.16006232777778	0.159533875485127	-0.150337808400885	-0.482727994553485	-0.230398453000362	0.174808203096306	-0.364504943141225	0.201238096697725	-0.215710730792989	0.0359718792227079	0.0957461920288858	-0.4564043503659	-0.312008214873456	0.235798530816078	-0.10017329823058	0.0262804606289995	-0.278432254792713
GSM748102	0.198059869860469	-0.210161726426065	0.203103606920604	-0.140650405402585	-0.45091428807037	-0.164172343164202	0.0829052588046862	-0.305330854480102	0.142392619767428	-0.0940736635772152	-0.16612753543702	0.0048048143330033	-0.448127372433646	-0.262582586189583	0.37813721329084	-0.0280368610144921	0.0167080533280404	-0.239044468057376
GSM748103	-0.0761560569791981	-0.280493977964542	0.0205735658884506	-0.232299493615368	-0.496523284314769	-0.248269771103153	0.259280106900946	-0.337051051161171	0.222143779172385	-0.17103980154475	0.0142813481104674	0.0787301374451845	-0.470256686124418	-0.355522918128607	0.171629594048415	-0.127768407789931	-0.117885299938133	-0.269205299685579
GSM748104	-0.18883959604411	-0.200935690671659	-0.0717749052029983	-0.290829029251817	-0.480252715388554	-0.218313516267239	0.191064683296309	-0.235053313988999	0.129764986962382	-0.30326360667885	-0.00718437200205262	0.0275316074749911	-0.46831420531668	-0.372037199855377	0.0711869644333328	-0.220342450958092	-0.168375131321682	-0.267814028263236
GSM748108	0.193856039335137	-0.139536437665886	0.151514098153614	-0.169396853828317	-0.487895559014215	-0.177092394731943	0.171857062329759	-0.417161387755348	0.0836747462750591	0.0871281320524583	-0.0775234109107934	0.221265891847484	-0.474184127194184	-0.294029879121839	0.336871864408105	-0.0526786210349503	0.0494715872652552	-0.134894768863547
GSM748111	-0.257278095510544	-0.247678748638525	0.110131163911383	-0.244781014688121	-0.481342249115764	-0.178488450814698	0.172696742389978	-0.427158102484535	0.149966817155816	-0.138926473585383	-0.032773731011021	0.0590980641548027	-0.44147509370563	-0.32380709185278	0.241702726766853	-0.0988229976696742	-0.0792820630841785	-0.2751441384055
GSM748113	-0.276026734241566	-0.226645248948922	-0.259230704739298	-0.371097055909831	-0.451180991280247	-0.253003930650164	-0.116531373982306	-0.478586282319528	0.0107868555425128	-0.219844718574789	-0.28321733662909	-0.228533534969227	-0.425414387899327	-0.280322357881272	-0.0986072463357315	-0.304092031561377	-0.153038291200033	-0.251755926924948
GSM748116	0.0575923464925943	-0.225867399317345	0.136370311960244	-0.198993417203529	-0.470264566055781	-0.17134286206269	-0.0822701815464086	-0.426252148756707	0.027506125965766	-0.1625868824791	-0.250728166877787	0.0846166577693405	-0.449612994737073	-0.256960619684131	0.32391451630625	-0.0833094285552827	-0.0702281584292137	-0.297596414601074
GSM748121	0.169563533187917	-0.219779757057955	0.0481941626662098	-0.235962829400636	-0.489700156184715	-0.269027428843828	0.0676822031088123	-0.338585099207006	0.13233367790493	-0.198651333635228	-0.0704261140221815	-0.0112320927804914	-0.431197259151045	-0.236248314148268	0.196577124598413	-0.178061294342191	-0.115663655842942	-0.220371157939437
GSM748122	-0.0881690638665963	-0.30054008086493	-0.0691654134536812	-0.299754472184181	-0.463693414003789	-0.24014674339884	0.188713264125337	-0.447251272786277	0.161133614183229	-0.20969066975859	-0.0885866488368945	-0.222635365840206	-0.441686421585956	-0.344050726082372	0.0313794760624886	-0.226155335463716	-0.205321530701938	-0.306986254265071
GSM748123	0.145763979195875	-0.258097331392133	0.0625787984997248	-0.283642346142727	-0.456576622897027	-0.240599023757788	0.237378740738433	-0.320713758290695	0.0454180196186814	-0.182723795194062	-0.051509557378269	-0.00725685906356226	-0.447481505415705	-0.267018808891415	0.226591859416511	-0.198946640113028	-0.0244308636547703	-0.308603733075421
GSM748124	0.0255059764155706	-0.219356037476741	0.153851209991487	-0.211263743802988	-0.491415547175147	-0.217386819564049	0.032798957920803	-0.461708832820455	0.0625719514091479	-0.106528436250901	-0.203052031669111	0.0302337463727959	-0.411621127277931	-0.250536230009365	0.330515281812066	-0.0505659625858788	0.0242686565191391	-0.0924250386590145
GSM748125	-0.0442185744231543	-0.219410691629585	0.216146630147992	-0.157593206670325	-0.463197614788963	-0.241202411395319	0.294367792011076	-0.217090867333	0.13586304875771	-0.0250912100140953	-0.0537097879490028	0.0793286179724718	-0.487317739698182	-0.323154414876469	0.351596070441178	-0.0216552980903641	-0.0464260473960868	-0.169260757545689
GSM748126	-0.074596895477947	-0.185598242697106	-0.00517227084512329	-0.274867403676001	-0.491909152527336	-0.288602106035014	0.067193742595784	-0.32709058179636	-0.00252723004882616	-0.191430784601394	-0.322274384912096	-0.0638582129856308	-0.447849912526668	-0.305179867719194	0.178960383734003	-0.146393062326548	-0.0972682880817338	-0.189987383877789
GSM748127	0.0228935659876777	-0.229437125163755	0.120851292564218	-0.164173880887106	-0.464660680338744	-0.176510904125359	0.134564125047476	-0.433697133860734	0.17964753117692	-0.038773526592049	-0.157571502034795	0.100162276910347	-0.45417884334106	-0.291894351290608	0.364667930577331	-0.0755401948978273	0.00393107417629155	-0.244329499118375
GSM748128	0.0644085086207858	-0.195230866555203	0.0485173158788264	-0.262390415227354	-0.523502572109755	-0.242486554641907	0.27840826254155	-0.368119438601703	0.149322824215632	-0.101238110394325	-0.10381383090613	-0.0164873744538999	-0.45140592742296	-0.187262386912671	0.208048677032797	-0.166537448473667	-0.0787629998879248	-0.168895042282111
GSM748130	-0.23377047191438	-0.328964135300305	-0.167786459072823	-0.29666041247254	-0.406790312599907	-0.329344639244319	0.163621227229296	-0.231244809780305	-0.13065523983227	-0.279846175113132	-0.0942746248527439	-0.106722229343968	-0.423616885707653	-0.307685268542459	0.0217689752533445	-0.290701661599791	-0.173294423527555	-0.293982746091216
GSM748131	0.0571767085820709	-0.116541417832242	0.174649132125837	-0.111141227157849	-0.432806435229495	-0.218704456210639	0.226061012152953	-0.28719780561576	0.0174015439446587	-0.126597220951654	-0.0841219029067076	0.0439389815107989	-0.435967199233464	-0.322505955562062	0.355501915467069	-0.0588538361201173	0.141775249118592	-0.232185189619233
GSM748134	-0.0392496631929363	-0.146663811967412	0.115705735986784	-0.22585749448885	-0.430956021113708	-0.253316138606414	0.179746815670669	-0.283837633914424	0.224506281063874	-0.205024446940266	0.0403228945552637	0.14822481289774	-0.469030985077859	-0.393046991948087	0.209738796003078	-0.117912763009937	-0.0692145200310636	-0.245437605217515
GSM748135	-0.141034153250552	-0.328837787276837	-0.187577345567012	-0.263209394327488	-0.462802970638969	-0.341899580316336	0.15002390484298	-0.376286401951321	0.0106391611897874	-0.24694766313377	-0.0580175160478857	-0.253048168638418	-0.455550720881237	-0.317094587366646	-0.0115867894960777	-0.251970957821694	-0.244522444460558	-0.272533894109853
GSM748137	0.147048572728249	-0.151993801118001	0.123295770019906	-0.195700620438581	-0.482083819661437	-0.271614025919788	0.2264558090408	-0.412392994079222	0.11651543201408	-0.171738942632867	-0.0905673214295095	-0.0802348810593011	-0.425127307798207	-0.290336132986097	0.218590140212308	-0.149078160482912	-0.0843961443818742	-0.233992540120764
GSM748138	-0.0238454846114863	-0.223108893754672	-0.013787676344897	-0.295042749714176	-0.414206288208185	-0.227728199065548	0.0566803169015365	-0.390655521621642	-0.0954224374187661	-0.192808773504445	-0.118802198010422	0.0349098562726991	-0.467052464675724	-0.306095092180419	0.17442842749493	-0.200704395924372	-0.0378444872423052	-0.286420550936671
GSM748139	0.0981930506944459	-0.238934221386425	0.141275655289451	-0.188809047789511	-0.46082764312541	-0.0521197654410121	0.0700122910776017	-0.245879635411731	0.138287244005184	-0.0267389354368893	-0.241117484381227	0.0297938044912706	-0.403581510096049	-0.240696858107138	0.374537355304877	0.00917615120078158	-0.0212188340852709	-0.22338037657397
GSM748140	-0.214078157140423	-0.337535710078348	-0.228125395460793	-0.316667994010081	-0.52127911036349	-0.271322306135513	-0.0256730769295055	-0.253788903554423	0.0382036422552492	-0.0852319033234654	-0.176843337577475	-0.153751228449022	-0.458764783621152	-0.266665316844575	-0.062723094279459	-0.300744725591671	-0.173976206508582	-0.188073274838835
GSM748142	-0.00106798821665286	-0.251121879571342	-0.0324543348242089	-0.27745843957327	-0.496505511251615	-0.347881894565724	0.100052819084614	-0.38699572724666	0.0951195738719507	-0.310292300014773	0.106965216011956	-0.0282368216381542	-0.49567365954705	-0.384546091839954	0.0795295444599943	-0.226457093495055	-0.0924725102832642	-0.294461523094325
GSM748143	-0.105238049137025	-0.351225389300175	-0.106724324768782	-0.299733591418794	-0.474684494604506	-0.140826826263167	-0.0508573271237426	-0.34884595863417	0.0658419214301782	-0.212768598971023	0.206385810461767	-0.168851194648269	-0.443630420577677	-0.30020067641595	0.107159842870707	-0.196568815932701	-0.107923346858194	-0.361403518048004
GSM748146	0.1076333366623	-0.219718262803197	0.140467434351274	-0.171436983928379	-0.475853929970909	-0.208866223293095	0.136085881440392	-0.312382158448884	0.0668909176545967	-0.0751629839075237	-0.0419504582263777	0.121338941478868	-0.423422896174841	-0.28620506340782	0.309282334475082	-0.0567498867151066	-0.0171728017655329	-0.216513298323702
GSM748147	-0.0970796268383249	-0.275383398808567	-0.0915514799961206	-0.305525914447461	-0.455123432994509	-0.230781095349565	0.191959415733178	-0.219365637344101	0.0113924356697571	-0.265689455132783	-0.120140035443045	-0.240757952277952	-0.434793614783653	-0.342963977839236	0.0649204586979675	-0.249140787529482	-0.108915152851987	-0.325240324021643
GSM748150	0.172163143912487	-0.289195241621091	-0.021572404585379	-0.251632796920951	-0.473558530737869	-0.309680171755331	0.399198652549375	-0.402068649427693	0.196333009300214	-0.218627729333368	0.0236355890787717	-0.164887773532515	-0.449243223191492	-0.353432841377564	0.122667768324262	-0.205510984490764	-0.149329445238068	-0.258684019138958
GSM748152	0.19776132057177	-0.138770701866499	0.129266862844487	-0.181288828620308	-0.457087334521145	-0.265955943855037	0.217669540235969	-0.397315982478331	0.11001951338471	-0.173096491656936	-0.0308431336737657	0.0209803130999991	-0.479972367911406	-0.206444565881075	0.226068376568209	-0.0862129014913915	-0.0481161590104572	-0.222885053327964
GSM748157	-0.20526280227067	-0.292456124387609	-0.1059990263134	-0.335941474445036	-0.486426134737132	-0.283596094883948	0.159674710576929	-0.237988424956179	-0.018022589733634	-0.280068041709396	-0.165985367807625	-0.0804146688856278	-0.450372457371752	-0.305124246889891	0.0109764685636238	-0.2074591422515	-0.0791271820121305	-0.298199947741495
GSM748161	-0.122494338231281	-0.227838953674455	0.0144089750600122	-0.311727872592786	-0.462887853802279	-0.240441432997502	0.227913603619881	-0.401507362983213	0.0931304466622138	-0.17688669669958	-0.0671514373838066	-0.0525222518682734	-0.465460395055482	-0.297037963350016	0.14144641170342	-0.156658010466289	-0.0970011481790047	-0.116868574802281
GSM748162	-0.0586303471012511	-0.203477021528845	0.143666586812128	-0.137563646082408	-0.423379612794137	-0.123075579881025	0.0807289906949021	-0.333638730593188	-0.0224481679988799	-0.0834340026869453	-0.184918655303512	0.000293743616459266	-0.464324026430712	-0.346696053491648	0.321217633014292	-0.0497048091236592	-0.0281539839527825	-0.283978105100477
GSM748164	-0.193875943451043	-0.276031153373263	-0.0237979612224492	-0.230592893887665	-0.461470155648091	-0.25562680626506	0.159664853558251	-0.214523673632162	0.17745912613453	-0.297711188358623	0.0996781137088268	-0.0578721823172142	-0.453919451401322	-0.371535650072043	0.10729605193014	-0.144373386835853	-0.146340667698726	-0.29443969513582
GSM748166	0.0268328186418442	-0.246319880989882	0.0620896233667362	-0.222862144435137	-0.49781565807421	-0.234689473231225	0.216663508374981	-0.25230755689	0.212625913624686	-0.213074908020736	-0.0798736877749992	0.0955001318662309	-0.460502469484364	-0.302070849035978	0.203282845774	-0.132048459578635	-0.0539768584659575	-0.224322177736081
GSM748167	-0.190229165455885	-0.2469341376099	-0.108196168954823	-0.310473984616259	-0.504102029407768	-0.315963462358399	0.146418182519383	-0.193750633061034	0.0279224259066369	-0.310518911127898	-0.0489572087180295	-0.124902237156491	-0.455584160035406	-0.335166848550739	0.0175325461234208	-0.279709847084121	-0.0919085236116777	-0.292823017196478
GSM748169	-0.0401892994834216	-0.262627798326525	0.0409837933422878	-0.208754667245064	-0.48031274137795	-0.237701993284568	0.317857573146072	-0.395924787813901	0.201652379825826	-0.121459986511891	-0.0590706492921032	-0.0734875424532999	-0.466312230156252	-0.361478236941893	0.226560554875828	-0.11285284333406	-0.0612288152487559	-0.250305424114501
GSM748170	0.0927413372833383	-0.288573192440956	0.13566358278588	-0.221292949342892	-0.426017321444593	-0.277333424928605	0.0793906306910611	-0.380495723200116	0.22942468350552	-0.269215239109868	-0.107624670599231	0.00506339000093694	-0.449396517271477	-0.198937068166128	0.250381303199891	0.00716371911361288	-0.064095103067543	-0.342506801149105
GSM748171	-0.315901502902339	-0.374503660143187	-0.113440581149181	-0.338801349751001	-0.542020283584506	-0.329520031749754	0.205721291828926	-0.240315433088525	0.0341273217346154	-0.344210445042987	0.0812639235207545	0.0363697622962314	-0.455916243988763	-0.286276452675133	-0.00930471145147972	-0.254785790680084	-0.150735059977648	-0.350873636650727
GSM748173	-0.201082801456054	-0.192673482705367	0.0129029434290269	-0.266361351515277	-0.51578662283152	-0.211175562282066	0.00741380859684378	-0.427331076113055	0.168254736826049	-0.195448777739749	-0.0704659300674723	0.130532476697462	-0.480096950242465	-0.350106706104511	0.137324097921441	-0.138031139473338	-0.116624046916269	-0.290920315531226
GSM748175	0.0819277553020684	-0.183817054844864	0.171596777065885	-0.211768410907384	-0.48110904283205	-0.225099480864826	0.245032693346051	-0.540051345694535	0.198934112374727	-0.049537276618031	-0.0806479657508375	0.292436322007276	-0.435654125538337	-0.308153207811339	0.288763909269263	-0.0900045161241967	-0.0133262844404287	-0.203765981763469
GSM748178	-0.236313296503361	-0.236616881630599	-0.0455339794948854	-0.247862179862605	-0.484076164455061	-0.272633764005836	0.16762976459104	-0.351827784023499	0.0129027658683581	-0.186572797160503	0.0677674627280894	0.00552695578732621	-0.460130060499634	-0.356209571488639	0.108397058020991	-0.130391033741128	-0.0693132002349919	-0.265885289458777
GSM748179	-0.313370405603064	-0.27594360765119	-0.150995174897535	-0.377139996263264	-0.453130208759337	-0.28368186008944	-0.0678374466197182	-0.421015441170405	-0.163775345096562	-0.312544413686241	-0.30626444893703	-0.163899277483735	-0.397489713685204	-0.305942986315288	-0.0298423865785011	-0.311851938873976	-0.153213138440327	-0.328228947818719
GSM748180	0.0414284262851589	-0.199073109157996	0.0101982247525333	-0.205685868991379	-0.442748503506924	-0.250389900746973	0.0986048700479649	-0.285509077462722	0.0350834141666696	-0.321378727871379	-0.0361924089370029	-0.0744504502848974	-0.434841819564652	-0.350092142971091	0.161809923257131	-0.193981373873265	-0.104215655662114	-0.297418334916554
GSM748181	-0.23462708526327	-0.201100889509606	-0.0652382366511684	-0.28673500496855	-0.515811734749497	-0.275879698439124	0.324830874977101	-0.338685707772293	0.150334782839909	-0.282103398813059	-0.0391073038996235	-0.0358272157973266	-0.442616013186253	-0.400834415955512	0.0316417132541318	-0.277306078346461	-0.204571883738364	-0.238397900807176
GSM748185	-0.0763148620160585	-0.282232216605772	0.0730441779905476	-0.222060474555019	-0.494952671420988	-0.157037513304665	0.130980711499537	-0.254737152174023	0.0233951742051182	-0.0747453921706516	-0.228800761795384	0.0952206833882875	-0.445724088275361	-0.196923657925285	0.300255349521329	-0.118961346834732	-0.0293092645476729	-0.231830877751055
GSM748186	-0.00953103231241034	-0.254845079564608	0.179540447177319	-0.183529060672833	-0.461727696435486	-0.197442803977452	0.0717300395946316	-0.368995676271152	-0.0671124453063116	0.0113897684491245	-0.135830416871987	-0.0444125509622556	-0.466404662061034	-0.243271233894276	0.35599048127658	-0.0597949944179909	0.062726395327479	-0.224318304610225
GSM748187	0.0871064491172529	-0.128855810724724	0.228378705584176	-0.139627313978584	-0.50461851760564	-0.178807315998725	0.204029008891286	-0.327011763041689	0.191047284310504	-0.042924625056985	-0.0909088909697594	0.324432893373735	-0.455063934253523	-0.277117721938231	0.311189534170607	-0.0631666814697878	0.0168158785401206	-0.182764900992666
GSM748188	-0.0192407951164264	-0.262761438715104	-0.0554870290333888	-0.192494571592827	-0.487844638088576	-0.284737891076976	0.172932667131679	-0.382135923623185	0.0995457746724219	-0.252394771906973	-0.120334556403732	0.0878114220007264	-0.368399767184613	-0.310706228911015	0.113892556206864	-0.18886340094726	-0.16912636766638	-0.207226355411738
GSM748189	0.156287916866289	-0.117287316140581	0.315823237076205	-0.132019496227881	-0.455390374696673	-0.129486846769306	0.136871580562965	-0.343713020600527	0.0502159051710155	0.0320297534325428	-0.0763057271129919	0.258472357032388	-0.43289830052412	-0.253148829496241	0.45073749230094	-0.000742816009927491	0.0710296822814558	-0.141482891953331
GSM748239	-0.278351103259359	-0.200571254748785	0.118222668913738	-0.264052443794428	-0.493404607314923	-0.292084750045379	0.0707970443752673	-0.499854144152285	-0.11601830151431	-0.180439379300001	-0.160574087004088	-0.0364842405623578	-0.375447803139817	-0.300135627935345	0.200803261284229	-0.167401788587829	-0.0398944184376997	-0.167642919332222
GSM748240	-0.220765596129746	-0.216062711459793	-0.212666580203493	-0.42263305545723	-0.500196884510018	-0.226015982168359	0.030508725662459	-0.261276742909847	-0.0120864312343626	-0.353782819888534	-0.305802304610509	0.0455328265516614	-0.429640072340258	-0.239510149899904	-0.179344897050395	-0.350238652588606	-0.259676964269196	-0.220986004503839
GSM748242	0.0841976253590952	-0.285396399985525	0.0830201244190444	-0.208322079953048	-0.491200632944835	-0.263187983823232	0.136514017561283	-0.254493268528345	0.141401537569712	-0.104427489663456	-0.111015613685531	0.0326411600232921	-0.448268735058236	-0.302897535158305	0.2146734058967	-0.133159598258859	-0.0655006523825291	-0.250957447777687
GSM748243	-0.0634876109709781	-0.259361057135233	-0.0647994953022924	-0.266894953597768	-0.52546689231454	-0.295828139956877	0.162244468746769	-0.391650060155429	0.169924658827133	-0.184637595566374	-0.0691439638854675	0.027592822089195	-0.414918960820708	-0.238174194419392	0.118230446073426	-0.216340927495556	-0.075340961452896	-0.146693832997462
GSM748264	-0.150926138727968	-0.0838525826312194	-0.0623179447655571	-0.294638243524883	-0.450104935350082	-0.31521781768023	0.125898521472407	-0.376546722483043	0.0715241332185604	-0.247534302934574	-0.0118176531120213	0.0847623134926491	-0.500706793081342	-0.273216019406993	0.0208815324388924	-0.230050214320485	-0.157341229107255	-0.243094075505221
GSM748271	-0.247157908327208	-0.294168835072523	-0.0729634528671569	-0.216684479753858	-0.475217693968477	-0.264767329064759	0.068775144784422	-0.112428207371104	-0.175035055560976	-0.159160341521445	-0.281573142293292	-0.200285671880737	-0.463386212675008	-0.195792338988801	0.0261058813577326	-0.261690306558825	-0.174756371261578	-0.287316226766316
GSM748276	0.0423660308683939	-0.189571065264872	0.163455022069951	-0.204334998177572	-0.52614497083812	-0.197004558949933	0.00498694152408879	-0.3270852757951	0.173060016520239	-0.157407718138073	-0.136279036722217	0.203170746106136	-0.456801328960892	-0.279016759491191	0.27927758812238	-0.0863171624234006	-0.0254686871669922	-0.21293104436844
GSM748277	-0.204172334918618	-0.217640951169059	-0.191283323748302	-0.357382528469449	-0.517326172562215	-0.285838504942378	0.0487255511206528	-0.428140561034932	0.0113294814732171	-0.152678508000919	-0.210973772020374	-0.200035351969948	-0.41458881286166	-0.240799583654519	-0.0750880957481968	-0.326632826138695	-0.130442886210834	-0.189803183078148
GSM748278	0.0576820723355178	-0.195890960901138	0.0651272528372298	-0.287041931748919	-0.475692951044034	-0.258283710030472	0.117293090283911	-0.260557958452126	0.115983100339973	-0.195533447265762	-0.076780078127472	0.0130741402922383	-0.421662478610191	-0.229459722180637	0.205405963181528	-0.182506004359611	-0.105752578641168	-0.163589575808823
GSM748279	-0.0751656174980469	-0.170350390179511	-0.0800030947930349	-0.298788048723736	-0.520425046515364	-0.289001259959409	-0.0356411272445926	-0.299699902214255	-0.0859194076130516	-0.161173350231475	-0.218546866087278	0.0457869999660523	-0.466403427977438	-0.269112157016156	0.072212906997724	-0.217799533681674	-0.090573778687452	-0.00184215973974994
GSM1465989	-0.183381817538594	-0.332270637455248	0.0106417681398873	-0.267323553336826	-0.529009555667846	-0.228955755746601	0.0985355944153939	-0.433000743527286	0.0907828454485069	-0.282700339399879	0.0136857961261509	-0.0717163683821745	-0.436059885275708	-0.282886829292766	0.0894243322136993	-0.107378871786323	-0.216400611655398	-0.288434138248242
