SLCO2A1	PTGDR	PTGDS	HPGDS
TCGA-35-5375_T_LUAD	7.9643	0.2277	0.981	1.5891
TCGA-55-A4DF_T_LUAD	30.3855	1.0585	3.8805	0.655
TCGA-95-8039_T_LUAD	46.4507	0.7943	2.9529	9.881
TCGA-MP-A4T4_T_LUAD	31.6002	1.7165	1.6223	4.112
TCGA-62-A471_T_LUAD	5.5424	0.3711	0.7559	0.4688
TCGA-L9-A5IP_T_LUAD	18.8419	0.9702	0.159	0.8172
TCGA-50-5936_T_LUAD	23.2586	0.428	0.5292	0.7416
TCGA-49-AARR_T_LUAD	60.2614	1.1686	10.1656	6.4118
TCGA-78-8662_T_LUAD	18.2601	0.2092	0.4702	1.0571
TCGA-05-4430_T_LUAD	111.7896	0.5624	2.9076	10.6495
TCGA-44-7659_T_LUAD	21.4514	0.2979	2.4274	6.9358
TCGA-44-6146_T_LUAD	6.6686	0.1549	1.3234	0.6711
TCGA-L9-A50W_T_LUAD	503.4328	0.3385	1.5219	11.6493
TCGA-75-7025_T_LUAD	51.1869	0.7429	6.784	7.017
TCGA-05-4424_T_LUAD	59.2273	0.4373	1.5401	4.5886
TCGA-62-A46P_T_LUAD	25.9187	0.3088	1.978	1.6049
TCGA-38-4627_T_LUAD	63.3658	0.724	2.6396	7.037
TCGA-86-8073_T_LUAD	22.1471	0.7641	9.3317	6.9381
TCGA-69-7765_T_LUAD	22.475	0.4266	2.1874	4.6578
TCGA-55-6984_T_LUAD	12.8735	0.4562	0.9913	0.6148
TCGA-69-7764_T_LUAD	53.2649	0.9952	1.9923	1.0328
TCGA-NJ-A4YI_T_LUAD	33.1117	0.3337	1.7087	4.6045
TCGA-86-A4P7_T_LUAD	54.6439	2.0196	9.0548	4.4058
TCGA-55-8620_T_LUAD	6.1264	0.6263	3.0075	0.781
TCGA-97-8177_T_LUAD	16.4465	0.4368	2.5037	15.1155
TCGA-50-6595_T_LUAD	56.3142	0.7832	2.0119	0.6462
TCGA-55-A492_T_LUAD	23.1907	0.3511	3.7046	3.0696
TCGA-78-7633_T_LUAD	33.7914	0.2545	0.8412	1.6859
TCGA-97-A4LX_T_LUAD	44.5418	2.053	6.8734	10.2968
TCGA-78-7220_T_LUAD	16.6218	0.2897	0.7164	0.8785
TCGA-53-7624_T_LUAD	79.7639	0.3552	2.2112	0.2762
TCGA-49-AARN_T_LUAD	24.9501	0.5109	3.5273	4.9531
TCGA-62-A46R_T_LUAD	10.5606	0.452	1.778	11.8127
TCGA-78-7156_T_LUAD	51.8552	0.7201	0.978	1.7763
TCGA-50-8457_T_LUAD	33.1047	1.6636	3.4177	10.1245
TCGA-91-8496_T_LUAD	12.7211	0.978	1.9652	15.0628
TCGA-55-8092_T_LUAD	2.9941	1.4576	2.2508	0.154
TCGA-NJ-A4YQ_T_LUAD	5.9418	2.0513	7.088	2.3001
TCGA-50-5072_T_LUAD	34.2073	0.5591	1.9898	1.4127
TCGA-91-6831_T_LUAD	37.0973	1.3994	0.0357	0.4592
TCGA-91-A4BD_T_LUAD	7.6217	0.5711	1.6687	9.5646
TCGA-69-8255_T_LUAD	3.9439	0.4383	1.6681	0.4602
TCGA-69-8253_T_LUAD	35.1339	0.2249	1.3759	1.5872
TCGA-86-A4D0_T_LUAD	14.4932	0.3651	0.2735	0.82
TCGA-78-8640_T_LUAD	14.8389	0.3949	0.7694	1.6727
TCGA-97-8174_T_LUAD	68.4484	0.9576	3.5563	3.4867
TCGA-55-6987_T_LUAD	20.9996	1.6111	2.3898	1.4742
TCGA-49-6744_T_LUAD	65.289	0.4544	3.0385	9.644
TCGA-55-8096_T_LUAD	68.1961	0.7847	0.8675	11.7576
TCGA-J2-8192_T_LUAD	39.674	0.9626	1.6671	13.6936
TCGA-44-7671_T_LUAD	39.4904	0.2526	1.0787	3.355
TCGA-93-A4JN_T_LUAD	101.5828	0.9542	4.1707	3.3985
TCGA-49-AAR9_T_LUAD	3.3064	0.0802	0.0301	0.1158
TCGA-86-A4P8_T_LUAD	74.2034	6.5955	18.4517	8.5981
TCGA-44-5645_T_LUAD	6.8216	1.162	4.6641	12.7629
TCGA-78-7158_T_LUAD	137.4347	0.8843	0.3568	4.6814
TCGA-80-5611_T_LUAD	5.032	0.1938	0.8351	2.5189
TCGA-44-4112_T_LUAD	47.3874	0.7169	0.3702	6.0706
TCGA-71-6725_T_LUAD	27.1503	0.0296	0.333	0.7486
TCGA-44-2656_T_LUAD	4.1709	1.1965	0.6316	9.2138
TCGA-05-5715_T_LUAD	50.6709	0.2701	0.954	8.0223
TCGA-64-5815_T_LUAD	108.384	0.4198	1.201	12.0127
TCGA-55-7816_T_LUAD	48.2537	3.0404	1.4546	5.1315
TCGA-95-7948_T_LUAD	7.0676	0.13	0.6681	3.1916
TCGA-05-4432_T_LUAD	46.7069	0.4574	1.2337	0.9812
TCGA-99-8033_T_LUAD	12.3342	0.8251	0.8599	0.6715
TCGA-78-7143_T_LUAD	13.7045	0.3386	1.4637	3.46
TCGA-73-4668_T_LUAD	59.621	0.2208	0.4095	2.4553
TCGA-44-5644_T_LUAD	12.3613	0.13	0.2921	0.2345
TCGA-38-4625_T_LUAD	44.8499	0.3635	1.6871	3.0479
TCGA-91-8499_T_LUAD	9.854	0.9308	1.4082	0.7753
TCGA-86-6851_T_LUAD	34.0284	2.2945	5.9374	1.5191
TCGA-44-6779_T_LUAD	14.0699	1.9835	0.3547	5.4024
TCGA-78-7537_T_LUAD	24.6452	0.2533	1.4708	3.5353
TCGA-05-4434_T_LUAD	116.3781	0.9682	4.9031	4.278
TCGA-67-3773_T_LUAD	22.3339	0.3973	1.4209	25.8695
TCGA-55-6983_T_LUAD	27.5221	0.7226	2.2775	2.2682
TCGA-05-5425_T_LUAD	16.1601	0.2107	2.5163	1.9776
TCGA-97-A4M2_T_LUAD	70.7649	1.9685	12.4776	13.2162
TCGA-50-5941_T_LUAD	51.5292	0.818	2.2473	5.9491
TCGA-78-7539_T_LUAD	13.8809	0.6628	2.1232	7.2258
TCGA-67-3771_T_LUAD	7.8502	0.4543	3.6421	0.3498
TCGA-55-8299_T_LUAD	76.2832	0.99	4.5716	2.6414
TCGA-05-5429_T_LUAD	7.8143	0	0.5149	3.3073
TCGA-93-A4JO_T_LUAD	67.0605	0.8263	6.2619	5.2154
TCGA-44-A47A_T_LUAD	216.639	0.4698	1.518	15.9826
TCGA-44-2662_T_LUAD	5.101	0.667	1.3776	11.4519
TCGA-86-A4JF_T_LUAD	29.743	0.2444	1.3279	1.853
TCGA-05-4402_T_LUAD	66.7504	0.2577	0.6044	7.0204
TCGA-97-8179_T_LUAD	22.5784	0.3006	1.8921	3.4436
TCGA-55-7914_T_LUAD	14.8483	0.4721	0.9286	2.5564
TCGA-49-4490_T_LUAD	40.9341	0.2687	1.6392	2.8816
TCGA-55-8090_T_LUAD	161.7868	0.1839	1.415	2.8595
TCGA-MP-A4TC_T_LUAD	6.0234	0.697	2.2383	2.3004
TCGA-64-1681_T_LUAD	54.7802	0.136	1.5471	10.0115
TCGA-99-AA5R_T_LUAD	125.3389	2.2963	20.1399	8.1495
TCGA-49-4486_T_LUAD	10.0601	0.0902	1.039	0.7325
TCGA-91-6847_T_LUAD	4.0972	2.4859	0.0681	0.3502
TCGA-05-4249_T_LUAD	48.5798	0.483	3.2151	29.6105
TCGA-91-A4BC_T_LUAD	10.2961	3.3034	1.1374	0.579
TCGA-55-7570_T_LUAD	10.1778	0.2693	0.4287	0.6479
TCGA-50-5049_T_LUAD	23.5782	1.1775	5.2713	3.0885
TCGA-86-8672_T_LUAD	12.5278	0.6679	0.5255	0.6269
TCGA-50-5066_T_LUAD	44.5993	0.9175	0.8736	1.1224
TCGA-55-7727_T_LUAD	32.8166	0.6197	0.6429	3.5102
TCGA-86-8674_T_LUAD	13.0469	0.2237	0.5027	0.3229
TCGA-53-A4EZ_T_LUAD	5.936	0.3263	1.0635	1.6725
TCGA-69-7761_T_LUAD	12.2023	2.2879	1.4588	4.6376
TCGA-50-5942_T_LUAD	43.6937	0.4413	2.3478	12.6595
TCGA-69-A59K_T_LUAD	22.6797	0.4722	0.9287	1.7045
TCGA-44-2666_T_LUAD	3.3958	0.7118	1.483	6.1166
TCGA-50-5944_T_LUAD	41.3138	0.2226	1.7158	13.4092
TCGA-50-6592_T_LUAD	8.8224	0.5582	0.915	1.0747
TCGA-62-8395_T_LUAD	227.9196	0.7675	1.9409	3.6808
TCGA-05-4410_T_LUAD	10.5378	0.4006	2.2886	1.7351
TCGA-55-6975_T_LUAD	31.3419	0.7693	1.0467	1.0524
TCGA-73-4662_T_LUAD	42.5273	0.6699	4.1615	3.9042
TCGA-49-6767_T_LUAD	3.5103	0.6005	0.2999	1.4932
TCGA-44-A47G_T_LUAD	32.8798	1.5958	1.8918	8.0171
TCGA-NJ-A4YG_T_LUAD	53.9899	0.3348	1.9684	11.0449
TCGA-55-8507_T_LUAD	93.7869	0.2837	1.2116	3.6045
TCGA-05-4433_T_LUAD	40.4791	0.7676	1.3373	4.9322
TCGA-55-A4DG_T_LUAD	44.4358	1.3189	3.1532	3.4277
TCGA-49-4494_T_LUAD	63.8366	0.1502	0.6472	3.7775
TCGA-NJ-A7XG_T_LUAD	25.4362	0.1404	0.5524	3.3457
TCGA-44-6147_T_LUAD	13.9795	0.7497	2.3747	2.4275
TCGA-49-AARO_T_LUAD	30.5173	0.6285	4.7182	13.3208
TCGA-44-6774_T_LUAD	88.0029	0.8327	0.5719	2.0037
TCGA-49-AAR4_T_LUAD	82.7858	2.0067	4.4093	3.7764
TCGA-91-6848_T_LUAD	21.5444	1.1889	0.7423	1.0808
TCGA-50-8460_T_LUAD	66.0164	0.578	4.5973	10.1754
TCGA-55-8091_T_LUAD	18.3799	0.6766	1.1504	9.6944
TCGA-50-6673_T_LUAD	181.0857	0.1601	3.2384	3.9678
TCGA-49-AARE_T_LUAD	9.7933	0.4773	3.5644	0.8225
TCGA-55-6985_T_LUAD	51.0284	0.5854	2.0083	3.4698
TCGA-55-6642_T_LUAD	31.903	0.9463	0.3072	1.093
TCGA-50-6591_T_LUAD	52.1132	0.1916	0	0.4979
TCGA-78-7166_T_LUAD	4.2162	0.3272	1.2217	0.1829
TCGA-05-4427_T_LUAD	247.2304	0.8892	0.4072	6.705
TCGA-49-4487_T_LUAD	30.9823	0.9699	3.5245	0.3268
TCGA-73-4676_T_LUAD	30.6496	0.1631	0.6109	7.3772
TCGA-49-4507_T_LUAD	4.6782	1.3002	1.0166	1.1101
TCGA-78-7148_T_LUAD	25.3226	0.1709	0.7133	1.9032
TCGA-55-8514_T_LUAD	32.517	0.2363	2.479	2.8056
TCGA-93-A4JQ_T_LUAD	35.639	1.725	3.5423	2.7059
TCGA-55-7576_T_LUAD	34.077	0.3211	1.4579	7.1952
TCGA-55-6969_T_LUAD	12.679	1.554	0.9254	0.7703
TCGA-93-7347_T_LUAD	49.2253	0.8514	4.316	11.8481
TCGA-69-7978_T_LUAD	307.6773	2.304	2.2705	7.9311
TCGA-NJ-A4YF_T_LUAD	21.4131	0.0826	0.3248	0.298
TCGA-91-6830_T_LUAD	53.0139	1.3472	1.6118	7.1531
TCGA-44-7672_T_LUAD	69.9534	0.312	2.2018	8.5579
TCGA-78-7540_T_LUAD	20.882	0.2364	0.5626	3.8148
TCGA-55-7227_T_LUAD	76.388	0.9606	1.9303	14.2905
TCGA-MP-A4T6_T_LUAD	42.8925	0.1184	8.958	3.3898
TCGA-99-8028_T_LUAD	36.8625	0.9162	7.4655	3.6768
TCGA-64-1677_T_LUAD	25.5135	0.2642	1.3575	0.872
TCGA-05-4403_T_LUAD	48.2736	0.1789	1.8348	10.7039
TCGA-44-6148_T_LUAD	15.7629	0.6587	3.5784	13.633
TCGA-55-6980_T_LUAD	59.988	0.685	1.684	10.6936
TCGA-55-8511_T_LUAD	9.6883	1.2014	4.7257	1.4706
TCGA-86-8278_T_LUAD	44.7499	0.6644	0.8867	7.8545
TCGA-78-7167_T_LUAD	62.8293	0.3655	2.6792	1.8357
TCGA-55-8615_T_LUAD	17.0075	0.1925	0.5408	0.9727
TCGA-55-A494_T_LUAD	99.6191	0.1019	0.4293	0.9928
TCGA-78-7147_T_LUAD	24.4393	0.5326	2.6243	3.1645
TCGA-97-A4M0_T_LUAD	25.052	1.4306	4.0055	10.2917
TCGA-55-7573_T_LUAD	46.1319	1.5512	4.0821	12.5097
TCGA-86-7714_T_LUAD	18.0913	0.2091	0.5289	25.5175
TCGA-64-1679_T_LUAD	100.7226	0.231	0.9827	14.1249
TCGA-64-1680_T_LUAD	7.3036	0.2715	0.801	5.3411
TCGA-86-8669_T_LUAD	118.5724	0.9325	0.7227	3.0641
TCGA-78-7145_T_LUAD	93.8601	0.1616	0.2906	15.7261
TCGA-86-8075_T_LUAD	18.6121	0.3529	1.2087	3.8094
TCGA-99-8025_T_LUAD	10.5355	0.3347	1.1113	2.6137
TCGA-L9-A743_T_LUAD	55.1067	0.4952	4.0586	6.7932
TCGA-86-8054_T_LUAD	27.2083	0.3341	1.0794	0.8742
TCGA-55-8094_T_LUAD	5.0756	0.0222	0.4998	0.642
TCGA-62-A470_T_LUAD	46.4963	0.363	1.6904	3.3698
TCGA-86-A456_T_LUAD	18.8341	0.0582	2.7817	8.4086
TCGA-MP-A4SW_T_LUAD	61.7571	0.5807	1.4403	4.539
TCGA-44-3919_T_LUAD	39.106	1.0453	4.6994	8.1904
TCGA-80-5608_T_LUAD	15.5701	0.1985	0.3604	0.5733
TCGA-69-7973_T_LUAD	73.345	0.6246	1.4409	1.1391
TCGA-86-8671_T_LUAD	58.8291	2.9901	12.544	5.1733
TCGA-67-3772_T_LUAD	32.7285	0.1078	2.0395	7.7309
TCGA-35-4122_T_LUAD	26.1817	0.3318	1.3391	9.5164
TCGA-55-8513_T_LUAD	58.5214	0.984	7.7415	5.8936
TCGA-35-4123_T_LUAD	97.7145	0.3515	1.1851	10.9398
TCGA-49-6761_T_LUAD	244.9607	0.2864	1.2518	0.7352
TCGA-55-6982_T_LUAD	14.8026	0.2342	3.1581	4.1135
TCGA-44-A4SU_T_LUAD	81.909	0.7749	2.9977	3.0965
TCGA-86-8279_T_LUAD	50.2827	0.1555	0.8933	6.4117
TCGA-05-4396_T_LUAD	35.8997	0.3104	0.598	1.0243
TCGA-86-8358_T_LUAD	11.9451	1.6291	1.0798	0.8444
TCGA-55-7815_T_LUAD	18.0666	0.8414	0.0556	6.7175
TCGA-78-7162_T_LUAD	111.6204	0.7695	2.3732	6.2011
TCGA-NJ-A55A_T_LUAD	39.4078	3.2923	11.7632	15.6797
TCGA-MN-A4N1_T_LUAD	63.3152	0.0546	0.6959	1.6566
TCGA-44-2668_T_LUAD	28.2969	0.801	0.4365	0.8061
TCGA-44-6777_T_LUAD	21.7606	0.4708	1.8783	28.5832
TCGA-55-8301_T_LUAD	60.201	1.0823	2.5738	2.2647
TCGA-05-4422_T_LUAD	6.0744	1.6754	1.3658	3.4242
TCGA-49-4506_T_LUAD	4.1898	0.291	1.1748	0.2334
TCGA-05-4417_T_LUAD	52.796	1.05	3.8818	3.9497
TCGA-75-5146_T_LUAD	45.3536	0.8174	5.7033	4.3765
TCGA-62-A46O_T_LUAD	3.8481	0.1711	0.032	0.1235
TCGA-97-8552_T_LUAD	26.0793	0.9074	4.3125	9.2089
TCGA-MP-A5C7_T_LUAD	27.1733	0.4225	0.4964	1.747
TCGA-86-8074_T_LUAD	138.0289	0.293	0.7973	10.9777
TCGA-97-7937_T_LUAD	56.9681	0.1136	0.3406	2.4888
TCGA-97-8175_T_LUAD	156.8828	0.1373	0.7524	11.6235
TCGA-97-A4M7_T_LUAD	144.3505	0.9012	3.2706	12.7407
TCGA-05-4420_T_LUAD	31.4039	0.2118	6.428	0.3381
TCGA-91-8497_T_LUAD	27.1538	1.4971	7.6209	9.4091
TCGA-38-4632_T_LUAD	19.0366	0.2491	1.3196	13.0483
TCGA-69-7979_T_LUAD	91.4189	0.2556	0.2514	0.8534
TCGA-78-7163_T_LUAD	39.5498	0.1666	0.208	1.3096
TCGA-86-7701_T_LUAD	13.2476	1.3618	1.0203	1.6683
TCGA-67-3770_T_LUAD	31.4442	0.4688	1.3171	10.2652
TCGA-38-4629_T_LUAD	50.3284	0.2421	0.4726	11.4432
TCGA-55-6972_T_LUAD	9.2273	0.1304	0.9773	0.3766
TCGA-MP-A4TA_T_LUAD	7.4668	0.6321	2.4978	0.265
TCGA-50-5931_T_LUAD	16.9561	0.1975	0.7548	0.4563
TCGA-55-7994_T_LUAD	17.0541	1.1087	4.2498	1.2291
TCGA-55-7724_T_LUAD	31.4461	1.1003	0.795	5.8443
TCGA-55-7725_T_LUAD	25.2215	1.1235	0.4546	14.7299
TCGA-MP-A4SY_T_LUAD	51.0046	0.4782	0.6223	4.8329
TCGA-97-7546_T_LUAD	27.0933	0.9202	4.5963	9.6691
TCGA-78-7154_T_LUAD	42.7895	0.4173	1.8449	1.8881
TCGA-73-4659_T_LUAD	50.2321	0.3131	3.6408	2.1515
TCGA-50-5068_T_LUAD	11.894	0.7745	4.2795	11.5082
TCGA-69-7980_T_LUAD	73.9271	0.4819	3.5201	3.9756
TCGA-73-7498_T_LUAD	81.7616	0.7242	6.295	5.2279
TCGA-86-8585_T_LUAD	7.3671	0.9776	7.303	1.1624
TCGA-78-7542_T_LUAD	6.6737	0.2742	0.3082	1.1644
TCGA-05-4250_T_LUAD	81.6784	0.7086	0.5449	3.527
TCGA-44-6776_T_LUAD	25.695	0.3859	1.4983	2.8366
TCGA-38-4630_T_LUAD	9.2599	0.5649	5.291	0.6021
TCGA-05-4418_T_LUAD	5.952	0.3509	0.9983	1.0767
TCGA-55-8085_T_LUAD	14.3644	0.8899	1.746	0.6751
TCGA-55-7995_T_LUAD	16.6304	2.5697	9.3953	0.4931
TCGA-55-6979_T_LUAD	82.6065	0.7776	1.9496	4.5774
TCGA-62-A472_T_LUAD	30.6571	1.2694	1.3077	5.2693
TCGA-55-8204_T_LUAD	17.279	0.5535	0.3377	1.8266
TCGA-62-8398_T_LUAD	12.6488	0.4268	0.9834	0.7703
TCGA-MP-A4TI_T_LUAD	60.1537	2.5634	4.6777	5.89
TCGA-05-4390_T_LUAD	36.2043	0.5437	0.5392	1.3393
TCGA-44-8120_T_LUAD	122.3964	0.423	3.4267	3.5625
TCGA-O1-A52J_T_LUAD	44.7432	0.3538	2.7836	13.8298
TCGA-67-6217_T_LUAD	28.5213	1.0929	4.4408	5.8264
TCGA-55-5899_T_LUAD	15.0057	0.8619	0.7265	7.9555
TCGA-MP-A4TK_T_LUAD	67.7393	1.5001	2.6253	7.9212
TCGA-MN-A4N4_T_LUAD	10.5572	0.6395	5.0315	1.7237
TCGA-73-4666_T_LUAD	11.9616	0.8073	1.0956	2.1332
TCGA-L4-A4E6_T_LUAD	64.9389	1.156	11.0054	6.1202
TCGA-55-8207_T_LUAD	57.6155	0.7499	6.2722	15.6374
TCGA-38-A44F_T_LUAD	33.8286	1.2775	7.9342	8.5752
TCGA-78-7536_T_LUAD	20.3812	0.3969	0.2573	0.3967
TCGA-05-4389_T_LUAD	31.4163	0.8954	1.2859	7.8527
TCGA-55-7281_T_LUAD	42.2218	0.3806	0.9623	24.417
TCGA-97-7547_T_LUAD	102.3784	0.1939	2.9299	4.4174
TCGA-62-8394_T_LUAD	45.1162	0.1817	0.8932	1.1148
TCGA-86-8668_T_LUAD	51.1615	0.6859	2.3579	7.4565
TCGA-50-5939_T_LUAD	17.6412	0.207	2.0941	1.6939
TCGA-38-7271_T_LUAD	86.2034	1.226	12.8384	5.0085
TCGA-49-AARQ_T_LUAD	6.2055	0.7782	1.1028	1.832
TCGA-64-1678_T_LUAD	10.9057	0.2517	0.22	0.323
TCGA-49-AAR3_T_LUAD	59.9944	1.6419	2.6261	1.231
TCGA-05-4395_T_LUAD	5.5758	0.2213	0.1382	3.1237
TCGA-44-A479_T_LUAD	27.1782	2.5478	3.3058	0.3589
TCGA-49-4514_T_LUAD	9.9209	0.1517	0.6607	0.575
TCGA-62-A46S_T_LUAD	31.1588	0.7725	1.3891	2.3143
TCGA-55-A490_T_LUAD	157.0709	0.5342	0.378	4.3421
TCGA-97-7938_T_LUAD	28.3952	0.4972	2.6341	5.9991
TCGA-55-8097_T_LUAD	49.5112	0.7059	5.8421	10.6326
TCGA-55-8208_T_LUAD	53.717	1.0713	4.9481	2.6063
TCGA-69-7974_T_LUAD	90.0499	0.6498	1.2684	11.7772
TCGA-55-6968_T_LUAD	10.812	1.0854	2.1719	0.688
TCGA-05-4415_T_LUAD	9.9455	0.3718	0.2089	1.2652
TCGA-44-6145_T_LUAD	16.4014	1.6783	2.1509	3.571
TCGA-44-7667_T_LUAD	12.6326	0.3355	0.419	0.1615
TCGA-97-7553_T_LUAD	57.5261	1.4825	2.3874	15.08
TCGA-78-7150_T_LUAD	14.9069	0.3222	0.1509	0.3101
TCGA-69-7763_T_LUAD	70.3876	0.5114	1.2071	3.1015
TCGA-95-7947_T_LUAD	39.7463	0.823	2.8629	0.9053
TCGA-55-8089_T_LUAD	18.5204	3.1214	2.2138	1.4439
TCGA-86-7711_T_LUAD	6.6825	0.8929	0.4575	0.5309
TCGA-55-8621_T_LUAD	71.6525	2.0705	4.0593	13.3532
TCGA-49-4501_T_LUAD	41.3238	0.7095	3.4976	7.2972
TCGA-L9-A8F4_T_LUAD	13.752	2.0282	8.4695	2.0954
TCGA-86-7953_T_LUAD	154.9693	0.5234	1.5032	5.1217
TCGA-38-4628_T_LUAD	57.2081	0.13	1.7387	8.2592
TCGA-55-A48Y_T_LUAD	54.4885	1.0766	0.7446	0.4484
TCGA-MP-A4T9_T_LUAD	179.3957	1.2291	4.1171	5.0108
TCGA-91-6835_T_LUAD	70.0925	5.4459	12.3449	8.0852
TCGA-50-6590_T_LUAD	36.1084	1.1132	2.227	0.9323
TCGA-95-7039_T_LUAD	29.9391	0.4868	1.1362	2.4328
TCGA-55-8206_T_LUAD	38.6147	0.5712	7.6674	23.0222
TCGA-44-7661_T_LUAD	143.9355	1.1065	3.9053	6.1664
TCGA-J2-A4AD_T_LUAD	6.7478	0.7503	1.4702	2.111
TCGA-75-6206_T_LUAD	42.4162	0.4263	1.6551	2.2383
TCGA-55-8616_T_LUAD	39.1807	0.5095	5.1251	2.5381
TCGA-50-5051_T_LUAD	26.5613	0.1382	0.559	2.1942
TCGA-97-A4M3_T_LUAD	36.9235	0.0931	0.7323	2.8895
TCGA-97-7552_T_LUAD	29.1798	2.3792	3.011	7.1879
TCGA-44-2657_T_LUAD	22.2123	1.9888	4.5709	6.7434
TCGA-97-8172_T_LUAD	73.0381	3.4239	16.9947	15.5575
TCGA-91-6840_T_LUAD	75.5375	0.2546	1.574	1.4093
TCGA-55-7907_T_LUAD	38.0818	1.2099	1.5152	2.7452
TCGA-49-4510_T_LUAD	39.2165	0.0827	1.8993	1.075
TCGA-MP-A4SV_T_LUAD	62.8292	1.5152	2.4745	2.5979
TCGA-55-7726_T_LUAD	8.4771	0.8171	0.4592	6.3122
TCGA-35-3615_T_LUAD	12.7378	0.3176	0.6396	4.414
TCGA-97-A4M6_T_LUAD	25.6684	0.8837	5.2215	6.8539
TCGA-86-7955_T_LUAD	5.9687	0.091	0.5625	0.4379
TCGA-L9-A443_T_LUAD	61.605	0.4139	1.5818	4.0244
TCGA-53-7813_T_LUAD	36.3802	0.6583	0.4708	0.6913
TCGA-55-A491_T_LUAD	217.2401	0.613	1.778	1.8559
TCGA-86-8056_T_LUAD	34.8295	0.7621	3.217	11.9425
TCGA-78-8655_T_LUAD	55.6581	0.7582	1.8666	7.4027
TCGA-L9-A444_T_LUAD	36.9058	1.8397	3.9497	1.2941
TCGA-86-8055_T_LUAD	112.0362	0.6464	0.5448	10.0846
TCGA-55-6970_T_LUAD	24.1828	0.5818	1.7188	1.8722
TCGA-49-6745_T_LUAD	78.8884	0.3352	0.4453	7.7888
TCGA-05-4405_T_LUAD	42.1508	0.7227	2.6806	3.7046
TCGA-MP-A4TH_T_LUAD	25.2051	1.6849	8.6636	4.1358
TCGA-99-7458_T_LUAD	43.6322	0.6116	3.5658	8.2789
TCGA-55-8508_T_LUAD	13.4609	0.724	0.4489	0.1442
TCGA-55-1594_T_LUAD	72.4278	0.404	1.0847	0.713
TCGA-44-7669_T_LUAD	21.471	0.4269	0.8943	2.1016
TCGA-49-6742_T_LUAD	12.8837	0.2561	1.6909	1.1093
TCGA-86-6562_T_LUAD	61.1168	0.434	0.8014	4.8344
TCGA-95-7944_T_LUAD	3.0007	1.3135	2.3554	0.1918
TCGA-05-4398_T_LUAD	219.7431	0.521	0.9644	8.5991
TCGA-78-7161_T_LUAD	37.4877	0.1138	0.2924	0.1409
TCGA-50-5933_T_LUAD	185.7941	0.9586	0.2972	12.7903
TCGA-55-7728_T_LUAD	21.907	1.0845	2.345	18.7565
TCGA-55-8087_T_LUAD	165.0657	0.2137	3.4228	18.2833
TCGA-91-7771_T_LUAD	35.6465	1.7224	2.7827	3.2252
TCGA-67-6216_T_LUAD	7.2388	0.1683	1.5451	13.2871
TCGA-95-A4VP_T_LUAD	24.1958	0.4313	4.3015	1.1416
TCGA-73-4675_T_LUAD	19.2923	0.2475	1.0045	8.5769
TCGA-64-1676_T_LUAD	41.5728	0.4354	0.5709	5.5531
TCGA-55-6981_T_LUAD	177.2616	0.2422	0.6807	5.3049
TCGA-75-5147_T_LUAD	52.904	0.4706	1.0744	16.3504
TCGA-L9-A7SV_T_LUAD	44.6398	0.4029	0.4528	1.9568
TCGA-78-7160_T_LUAD	69.1669	1.4815	1.295	4.0404
TCGA-55-1595_T_LUAD	117.1579	0.4352	1.2651	3.0337
TCGA-62-8402_T_LUAD	72.8335	0.3575	0.9581	0.1191
TCGA-78-8648_T_LUAD	43.8959	1.5765	6.7387	2.5748
TCGA-55-A57B_T_LUAD	27.3375	0.7364	6.4601	13.5861
TCGA-38-6178_T_LUAD	63.0637	0.3548	1.3671	2.6344
TCGA-78-7535_T_LUAD	11.5937	0.18	0.3794	8.7414
TCGA-55-6986_T_LUAD	31.3264	0.6136	1.0344	4.0422
TCGA-91-6849_T_LUAD	17.5946	0.2687	1.8551	2.1061
TCGA-55-7903_T_LUAD	10.3778	0.6983	0.6727	4.2488
TCGA-55-A493_T_LUAD	283.393	1.84	3.6633	3.9471
TCGA-86-8280_T_LUAD	70.3663	1.1608	9.6417	6.154
TCGA-91-6828_T_LUAD	101.7292	0.7259	2.1212	4.402
TCGA-55-A48X_T_LUAD	100.2734	1.9155	6.0903	3.6028
TCGA-50-5932_T_LUAD	23.8375	0.145	1.8471	2.5475
TCGA-NJ-A55O_T_LUAD	18.4463	0.3543	1.536	8.697
TCGA-44-3917_T_LUAD	1.5523	0.157	0.7858	0.2266
TCGA-05-5423_T_LUAD	9.2419	0.2216	1.9215	21.6686
TCGA-05-5420_T_LUAD	3.4079	0.8767	2.5518	1.6229
TCGA-62-A46Y_T_LUAD	23.6791	0.9433	1.5107	10.4191
TCGA-05-4384_T_LUAD	42.0562	0.2519	3.1544	6.4943
TCGA-97-A4M1_T_LUAD	55.0277	0.8317	9.1954	9.2494
TCGA-95-7567_T_LUAD	19.273	0.3962	0.3224	1.6372
TCGA-55-7910_T_LUAD	11.7264	0.8247	0.3476	0.5954
TCGA-55-8619_T_LUAD	60.5573	1.5509	3.9944	5.2871
TCGA-55-8302_T_LUAD	7.9997	0.4119	1.6358	2.498
TCGA-MN-A4N5_T_LUAD	31.9939	0.849	1.5825	0.7474
TCGA-95-A4VK_T_LUAD	17.646	1.2399	2.9293	0.9865
TCGA-95-8494_T_LUAD	65.7185	0.2557	0.3285	9.6526
TCGA-75-7027_T_LUAD	17.1123	0.8907	0.3813	0.6736
TCGA-64-5779_T_LUAD	58.1778	1.7617	1.2748	0.2788
TCGA-49-4505_T_LUAD	14.9088	0.321	1.8998	15.6793
TCGA-55-1592_T_LUAD	49.4685	0.4578	2.4817	4.2575
TCGA-05-4397_T_LUAD	13.4576	0.1035	2.5584	1.7596
TCGA-44-2665_T_LUAD	54.9498	0.5432	2.7839	11.0116
TCGA-55-A48Z_T_LUAD	36.5877	0.9707	3.5745	3.131
TCGA-86-8359_T_LUAD	26.6571	0.5514	0.2936	1.0057
TCGA-97-8547_T_LUAD	54.3527	0.666	0.6653	6.0367
TCGA-75-6212_T_LUAD	66.1185	0.2021	1.4763	24.3646
TCGA-44-3396_T_LUAD	37.6145	1.2809	3.2416	2.2521
TCGA-86-8281_T_LUAD	40.8345	0.5677	3.594	1.4207
TCGA-44-6775_T_LUAD	42.4376	0.7537	0.8471	13.6487
TCGA-62-8397_T_LUAD	10.7201	0.0835	0.3284	7.6541
TCGA-J2-A4AG_T_LUAD	50.1851	1.1656	2.9303	5.4919
TCGA-78-7152_T_LUAD	24.1014	0.3793	1.652	2.1908
TCGA-93-7348_T_LUAD	71.3879	0.6029	1.4908	2.751
TCGA-64-5775_T_LUAD	11.4645	0.057	0.1281	6.087
TCGA-78-7153_T_LUAD	14.0183	0.2656	0.2296	2.2127
TCGA-78-7149_T_LUAD	77.7605	0.4288	1.2621	1.5625
TCGA-MP-A4T8_T_LUAD	49.872	0.5361	1.0604	0.5264
TCGA-44-2661_T_LUAD	21.02	1.3593	4.7104	23.5514
TCGA-73-4658_T_LUAD	64.1445	0.3723	1.6735	14.4708
TCGA-44-6778_T_LUAD	85.2944	1.7743	4.332	4.682
TCGA-44-7670_T_LUAD	132.5024	0.1894	0.6599	0.9298
TCGA-55-8205_T_LUAD	18.5077	2.1262	1.8415	2.8727
TCGA-55-8512_T_LUAD	28.2215	0.9804	2.2617	2.2723
TCGA-55-8203_T_LUAD	41.4712	0.532	1.3452	1.3965
TCGA-78-8660_T_LUAD	36.5179	1.1973	4.7568	1.9298
TCGA-44-A47B_T_LUAD	94.8152	1.9768	1.1963	8.7823
TCGA-50-5946_T_LUAD	169.7346	0.2428	0.4873	0.8765
TCGA-38-4631_T_LUAD	2.2051	0.2028	0.7165	0.1255
TCGA-64-5778_T_LUAD	16.4823	0.3753	9.0799	0.8605
TCGA-86-7954_T_LUAD	31.6496	1.4936	1.7751	4.0652
TCGA-55-6543_T_LUAD	22.7184	0.3466	0.909	6.7146
TCGA-73-7499_T_LUAD	15.0794	0.8987	3.9357	4.4521
TCGA-44-3918_T_LUAD	27.887	1.4028	1.8288	4.4356
TCGA-62-8399_T_LUAD	69.4185	0.4874	3.2367	3.5504
TCGA-49-AAR0_T_LUAD	21.6762	0.3486	6.6377	5.685
TCGA-55-7283_T_LUAD	29.1295	0.539	2.1204	4.8643
TCGA-50-6593_T_LUAD	24.2725	0.199	1.2301	18.5807
TCGA-50-8459_T_LUAD	60.7539	1.1198	1.1075	16.9122
TCGA-67-3774_T_LUAD	45.8126	0.6388	2.937	4.5278
TCGA-49-AAQV_T_LUAD	24.3005	0.4289	2.2817	2.2295
TCGA-38-4626_T_LUAD	70.1043	0.3859	4.3366	3.5439
TCGA-95-7562_T_LUAD	47.503	0.2385	0.4596	2.6321
TCGA-69-7760_T_LUAD	68.0419	0.0634	0.0238	1.4651
TCGA-71-8520_T_LUAD	204.1853	0.8975	0.6578	5.7467
TCGA-55-8614_T_LUAD	100.6311	0.1968	1.4007	2.4151
TCGA-55-7574_T_LUAD	104.4312	3.2875	9.5244	2.0569
TCGA-50-5935_T_LUAD	54.2338	0.6035	3.8434	3.679
TCGA-95-7043_T_LUAD	17.3058	0.1928	0.3972	0.0928
TCGA-97-7941_T_LUAD	33.6899	0.3779	5.2814	6.3105
TCGA-44-7660_T_LUAD	6.616	0.3623	0.892	1.2207
TCGA-MP-A4T7_T_LUAD	12.8035	0.9661	1.9002	1.6565
TCGA-55-6971_T_LUAD	18.243	1.1147	1.8423	1.9881
TCGA-78-7155_T_LUAD	36.0673	0.0764	0.4294	0.4965
TCGA-MP-A4TE_T_LUAD	7.4116	0.1221	0.1764	0.1007
TCGA-95-A4VN_T_LUAD	82.7764	0.8415	1.2347	4.1848
TCGA-93-8067_T_LUAD	28.0709	0.4237	1.0001	0.9381
TCGA-J2-8194_T_LUAD	63.8829	0.5805	0.6524	4.0754
TCGA-55-8510_T_LUAD	18.7671	1.2515	2.7269	7.6335
TCGA-44-5643_T_LUAD	11.0546	0.2371	1.9033	0.5379
TCGA-86-7713_T_LUAD	72.7979	0.1346	0.6618	0.2672
TCGA-NJ-A55R_T_LUAD	9.2515	0.3834	3.0358	1.5474
TCGA-50-5044_T_LUAD	36.1688	0.2637	0.5926	2.3793
TCGA-64-5774_T_LUAD	21.4741	0.4021	0.1861	0.3757
TCGA-55-6712_T_LUAD	26.7555	1.0143	2.7444	5.5869
TCGA-44-2659_T_LUAD	24.3759	6.1504	2.6058	4.1935
TCGA-4B-A93V_T_LUAD	4.3208	0.2748	1.3214	0.1764
TCGA-86-8076_T_LUAD	24.1341	1.1359	3.15	4.0042
TCGA-83-5908_T_LUAD	35.2995	2.062	2.4492	2.03
TCGA-44-A4SS_T_LUAD	9.4181	1.9404	2.0506	1.5054
TCGA-L4-A4E5_T_LUAD	42.1032	0.3943	0.7977	0.8825
TCGA-97-8171_T_LUAD	11.0562	0.037	0.111	1.9435
TCGA-93-A4JP_T_LUAD	67.8922	0.3698	8.3121	11.9349
TCGA-S2-AA1A_T_LUAD	26.3578	2.074	6.2554	4.2168
TCGA-55-6978_T_LUAD	126.0226	2.2999	1.6766	3.8891
TCGA-78-7146_T_LUAD	5.0892	0.1978	0.4445	2.4883
TCGA-MP-A4TD_T_LUAD	39.8831	2.2393	11.3255	3.5566
TCGA-50-5930_T_LUAD	9.3834	0.3935	2.5552	0.1894
TCGA-64-5781_T_LUAD	2.7786	0.6934	1.7317	1.3348
TCGA-78-7159_T_LUAD	17.1058	0.5002	0.4644	1.4759
TCGA-69-8254_T_LUAD	21.4832	0.6278	2.2405	4.6913
TCGA-50-7109_T_LUAD	30.878	0.6178	1.9287	0.5947
TCGA-05-5428_T_LUAD	0.9505	0.1631	0.4767	10.7418
TCGA-49-4512_T_LUAD	32.1768	0.18	1.8206	12.9195
TCGA-NJ-A4YP_T_LUAD	20.1232	1.5912	0.2626	1.7512
TCGA-49-AAR2_T_LUAD	6.1617	0.1316	1.4294	1.2031
TCGA-50-5045_T_LUAD	42.2823	0.7956	1.7533	18.2452
TCGA-44-8119_T_LUAD	33.4477	0.8048	0.4797	1.9895
TCGA-44-8117_T_LUAD	18.3264	0.8323	1.2473	2.0252
TCGA-05-4425_T_LUAD	102.0966	0.4325	0.7852	7.8779
TCGA-55-1596_T_LUAD	15.7487	0.1888	1.6265	1.6808
TCGA-91-6836_T_LUAD	8.0583	0.22	0.1236	1.707
TCGA-49-4488_T_LUAD	8.2204	0.299	0.84	4.1009
TCGA-99-8032_T_LUAD	29.347	0.3566	1.5389	2.08
TCGA-49-6743_T_LUAD	34.7807	0.5645	0.9684	1.5444
TCGA-44-7662_T_LUAD	38.9003	2.6875	0.8372	3.1422
TCGA-44-2655_T_LUAD	23.2677	0.5317	4.2389	4.8922
TCGA-86-8673_T_LUAD	14.0378	0.8509	0.5081	0.2688
TCGA-MP-A4TF_T_LUAD	12.2062	0.4934	0.6398	0.8768
TCGA-67-6215_T_LUAD	77.8185	0.2028	0.263	6.3533
TCGA-55-7911_T_LUAD	67.302	0.4025	0.6936	1.2398
TCGA-75-6214_T_LUAD	1.9368	0.0266	0.1644	0.6528
TCGA-05-4244_T_LUAD	58.5236	0.5398	1.1087	5.0523
TCGA-73-4677_T_LUAD	25.8038	0.1014	1.2822	3.3678
TCGA-97-7554_T_LUAD	10.8924	0.6965	1.2612	3.5477
TCGA-05-4426_T_LUAD	87.1384	0.3662	0.5598	4.0186
TCGA-97-8176_T_LUAD	39.3138	0.5343	1.4344	0.9
TCGA-05-4382_T_LUAD	58.4639	1.1805	1.9498	3.1126
TCGA-J2-A4AE_T_LUAD	20.1773	0.659	3.4918	5.1316
TCGA-73-4670_T_LUAD	8.8584	0.3046	0.3686	0.2706
TCGA-55-8506_T_LUAD	11.1388	0.5751	0.4422	4.6327
TCGA-50-6597_T_LUAD	18.9409	0.3124	5.4764	5.2767
TCGA-44-3398_T_LUAD	34.2336	0.8851	4.0174	27.0836
TCGA-50-6594_T_LUAD	60.6352	0.1572	0.3974	7.091
TCGA-73-A9RS_T_LUAD	10.6852	0.2689	0.403	1.2296
TCGA-53-7626_T_LUAD	63.6186	1.1258	5.5167	12.7441
TCGA-55-8505_T_LUAD	11.2884	1.1868	0.7002	0.9853
TCGA-97-A4M5_T_LUAD	71.0127	2.1572	7.1581	6.3779
TCGA-75-5125_T_LUAD	60.316	1.1176	1.6294	4.0995
TCGA-62-A46U_T_LUAD	8.3596	0.8186	12.0963	4.1023
TCGA-MP-A4TJ_T_LUAD	30.6967	2.614	5.4768	2.0502
TCGA-62-A46V_T_LUAD	4.8997	0.4227	2.0782	13.5782
TCGA-50-5055_T_LUAD	34.1261	0.7137	6.1879	11.2375
TCGA-69-8453_T_LUAD	38.0716	1.3804	2.8739	9.4098
TCGA-91-6829_T_LUAD	250.6853	0.3844	2.5137	4.2386
